Slide tile_summary.slide_name Tile Summary:
Original Dimensions: 2688x5856
Original Tile Size: 48x48
Scale Factor: 1/1x
Scaled Dimensions: 2688x5856
Scaled Tile Size: 48x48
Total Mask: 80.62%, Total Tissue: 19.38%
Tiles: 56x122 = 6832
   789 (11.55%) tiles >=80% tissue
  1031 (15.09%) tiles >=10% and <80% tissue
     0 ( 0.00%) tiles >0% and <10% tissue
     0 ( 0.00%) tiles =0% tissue


Tile Num,Row,Column,Tissue %,Tissue Quantity,Col Start,Row Start,Col End,Row End,Col Size,Row Size,Color Factor,S and V Factor,Quantity Factor,Score
21,1,21,36.24,MEDIUM,960,0,1008,48,48,48,   2,1.00,0.20,0.0362
22,1,22,20.62,MEDIUM,1008,0,1056,48,48,48,   1,1.00,0.20,0.0093
76,2,20,85.37,HIGH,912,48,960,96,48,48,   0,1.00,1.00,0.2144
77,2,21,60.07,MEDIUM,960,48,1008,96,48,48,   3,1.00,0.20,0.1489
131,3,19,61.68,MEDIUM,864,96,912,144,48,48,   2,1.00,0.20,0.1070
132,3,20,94.88,HIGH,912,96,960,144,48,48,   4,1.00,1.00,0.5836
133,3,21,89.67,HIGH,960,96,1008,144,48,48,   0,1.00,1.00,0.1656
134,3,22,21.44,MEDIUM,1008,96,1056,144,48,48,   2,1.00,0.20,0.0174
187,4,19,91.93,HIGH,864,144,912,192,48,48,   1,1.00,1.00,0.2848
188,4,20,95.79,HIGH,912,144,960,192,48,48,   1,1.00,1.00,0.3708
189,4,21,91.84,HIGH,960,144,1008,192,48,48,   0,1.00,1.00,0.2499
190,4,22,67.45,MEDIUM,1008,144,1056,192,48,48,   5,1.00,0.20,0.2405
191,4,23,46.01,MEDIUM,1056,144,1104,192,48,48,  33,1.00,0.20,0.3005
192,4,24,21.40,MEDIUM,1104,144,1152,192,48,48,   0,1.00,0.20,0.0000
242,5,18,38.50,MEDIUM,816,192,864,240,48,48,   1,1.00,0.20,0.0158
243,5,19,97.87,HIGH,864,192,912,240,48,48,   8,1.00,1.00,0.6820
244,5,20,96.27,HIGH,912,192,960,240,48,48,   1,1.00,1.00,0.3623
245,5,21,95.79,HIGH,960,192,1008,240,48,48,   0,1.00,1.00,0.2124
246,5,22,97.48,HIGH,1008,192,1056,240,48,48,   0,1.00,1.00,0.0000
247,5,23,93.14,HIGH,1056,192,1104,240,48,48,   0,1.00,1.00,0.0397
248,5,24,83.16,HIGH,1104,192,1152,240,48,48,   0,1.00,1.00,0.0105
249,5,25,72.96,MEDIUM,1152,192,1200,240,48,48,   1,1.00,0.20,0.0823
250,5,26,23.78,MEDIUM,1200,192,1248,240,48,48,   0,1.00,0.20,0.0000
285,6,5,41.88,MEDIUM,192,240,240,288,48,48,   2,1.00,0.20,0.0658
286,6,6,25.48,MEDIUM,240,240,288,288,48,48,   0,1.00,0.20,0.0059
298,6,18,65.84,MEDIUM,816,240,864,288,48,48,   0,1.00,0.20,0.0219
299,6,19,96.44,HIGH,864,240,912,288,48,48,   6,1.00,1.00,0.6452
300,6,20,94.66,HIGH,912,240,960,288,48,48,   0,1.00,1.00,0.2436
301,6,21,94.14,HIGH,960,240,1008,288,48,48,   0,1.00,1.00,0.0754
302,6,22,86.98,HIGH,1008,240,1056,288,48,48,   0,1.00,1.00,0.1012
303,6,23,84.85,HIGH,1056,240,1104,288,48,48,   0,1.00,1.00,0.0000
304,6,24,76.17,MEDIUM,1104,240,1152,288,48,48,   0,1.00,0.20,0.0039
305,6,25,88.85,HIGH,1152,240,1200,288,48,48,   0,1.00,1.00,0.0543
306,6,26,73.18,MEDIUM,1200,240,1248,288,48,48,   0,1.00,0.20,0.0283
308,6,28,27.08,MEDIUM,1296,240,1344,288,48,48,  15,1.00,0.20,0.0926
339,7,3,36.94,MEDIUM,96,288,144,336,48,48,   1,1.00,0.20,0.0133
340,7,4,91.49,HIGH,144,288,192,336,48,48,   1,1.00,1.00,0.3028
341,7,5,85.59,HIGH,192,288,240,336,48,48,   1,1.00,1.00,0.3453
354,7,18,91.32,HIGH,816,288,864,336,48,48,   1,1.00,1.00,0.3517
355,7,19,98.18,HIGH,864,288,912,336,48,48,   8,1.00,1.00,0.6749
356,7,20,93.14,HIGH,912,288,960,336,48,48,   0,1.00,1.00,0.1907
357,7,21,94.88,HIGH,960,288,1008,336,48,48,   0,1.00,1.00,0.2426
358,7,22,82.16,HIGH,1008,288,1056,336,48,48,   2,1.00,1.00,0.3916
359,7,23,78.86,MEDIUM,1056,288,1104,336,48,48,   0,1.00,0.20,0.0236
360,7,24,85.24,HIGH,1104,288,1152,336,48,48,   0,1.00,1.00,0.0000
361,7,25,80.51,HIGH,1152,288,1200,336,48,48,   1,1.00,1.00,0.2867
362,7,26,74.13,MEDIUM,1200,288,1248,336,48,48,   1,1.00,0.20,0.0747
363,7,27,77.26,MEDIUM,1248,288,1296,336,48,48,   3,1.00,0.20,0.2243
364,7,28,51.39,MEDIUM,1296,288,1344,336,48,48,   2,1.00,0.20,0.0847
394,8,2,24.09,MEDIUM,48,336,96,384,48,48,   2,1.00,0.20,0.0198
395,8,3,97.35,HIGH,96,336,144,384,48,48,  10,1.00,1.00,0.6918
396,8,4,97.18,HIGH,144,336,192,384,48,48,   1,1.00,1.00,0.4254
397,8,5,65.32,MEDIUM,192,336,240,384,48,48,   7,1.00,0.20,0.2736
409,8,17,29.90,MEDIUM,768,336,816,384,48,48,   1,1.00,0.20,0.0116
410,8,18,98.26,HIGH,816,336,864,384,48,48,   2,1.00,1.00,0.4776
411,8,19,97.96,HIGH,864,336,912,384,48,48,   2,1.00,1.00,0.5147
412,8,20,93.97,HIGH,912,336,960,384,48,48,   2,1.00,1.00,0.5240
413,8,21,92.27,HIGH,960,336,1008,384,48,48,   1,1.00,1.00,0.3960
414,8,22,90.67,HIGH,1008,336,1056,384,48,48,   0,1.00,1.00,0.2383
415,8,23,86.41,HIGH,1056,336,1104,384,48,48,   0,1.00,1.00,0.0000
416,8,24,90.54,HIGH,1104,336,1152,384,48,48,   0,1.00,1.00,0.0000
417,8,25,79.17,MEDIUM,1152,336,1200,384,48,48,   0,1.00,0.20,0.0000
418,8,26,83.59,HIGH,1200,336,1248,384,48,48,   0,1.00,1.00,0.0686
419,8,27,81.64,HIGH,1248,336,1296,384,48,48,   0,1.00,1.00,0.2045
420,8,28,84.51,HIGH,1296,336,1344,384,48,48,   1,1.00,1.00,0.3581
421,8,29,66.19,MEDIUM,1344,336,1392,384,48,48,   2,1.00,0.20,0.1462
450,9,2,53.12,MEDIUM,48,384,96,432,48,48,   4,1.00,0.20,0.1403
451,9,3,99.26,HIGH,96,384,144,432,48,48,  19,1.00,1.00,0.7464
452,9,4,96.05,HIGH,144,384,192,432,48,48,   0,1.00,1.00,0.2321
453,9,5,93.53,HIGH,192,384,240,432,48,48,   6,1.00,1.00,0.6217
454,9,6,73.70,MEDIUM,240,384,288,432,48,48,   3,1.00,0.20,0.2181
455,9,7,64.71,MEDIUM,288,384,336,432,48,48,   4,1.00,0.20,0.1918
465,9,17,51.87,MEDIUM,768,384,816,432,48,48,   1,1.00,0.20,0.0599
466,9,18,98.22,HIGH,816,384,864,432,48,48,   8,1.00,1.00,0.6802
467,9,19,92.53,HIGH,864,384,912,432,48,48,   1,1.00,1.00,0.4022
468,9,20,90.54,HIGH,912,384,960,432,48,48,   1,1.00,1.00,0.3885
469,9,21,88.06,HIGH,960,384,1008,432,48,48,   0,1.00,1.00,0.1577
470,9,22,69.18,MEDIUM,1008,384,1056,432,48,48,   1,1.00,0.20,0.0749
471,9,23,77.21,MEDIUM,1056,384,1104,432,48,48,   0,1.00,0.20,0.0071
472,9,24,81.42,HIGH,1104,384,1152,432,48,48,   0,1.00,1.00,0.0584
473,9,25,78.21,MEDIUM,1152,384,1200,432,48,48,   0,1.00,0.20,0.0329
474,9,26,75.82,MEDIUM,1200,384,1248,432,48,48,   1,1.00,0.20,0.1070
475,9,27,65.62,MEDIUM,1248,384,1296,432,48,48,   0,1.00,0.20,0.0323
476,9,28,66.58,MEDIUM,1296,384,1344,432,48,48,   2,1.00,0.20,0.1313
477,9,29,33.12,MEDIUM,1344,384,1392,432,48,48,  22,1.00,0.20,0.1551
506,10,2,56.03,MEDIUM,48,432,96,480,48,48,   7,1.00,0.20,0.2076
507,10,3,99.18,HIGH,96,432,144,480,48,48,   9,1.00,1.00,0.6964
508,10,4,91.62,HIGH,144,432,192,480,48,48,   1,1.00,1.00,0.3132
509,10,5,93.66,HIGH,192,432,240,480,48,48,   1,1.00,1.00,0.2941
510,10,6,84.55,HIGH,240,432,288,480,48,48,   0,1.00,1.00,0.0399
511,10,7,58.16,MEDIUM,288,432,336,480,48,48,   4,1.00,0.20,0.1542
513,10,9,42.14,MEDIUM,384,432,432,480,48,48,   7,1.00,0.20,0.1347
521,10,17,61.15,MEDIUM,768,432,816,480,48,48,   2,1.00,0.20,0.1200
522,10,18,98.00,HIGH,816,432,864,480,48,48,   4,1.00,1.00,0.5998
523,10,19,94.84,HIGH,864,432,912,480,48,48,   0,1.00,1.00,0.1706
524,10,20,95.36,HIGH,912,432,960,480,48,48,   1,1.00,1.00,0.3255
525,10,21,90.15,HIGH,960,432,1008,480,48,48,   1,1.00,1.00,0.3875
526,10,22,81.64,HIGH,1008,432,1056,480,48,48,   0,1.00,1.00,0.0219
527,10,23,82.51,HIGH,1056,432,1104,480,48,48,   0,1.00,1.00,0.0000
528,10,24,69.66,MEDIUM,1104,432,1152,480,48,48,   0,1.00,0.20,0.0261
529,10,25,64.41,MEDIUM,1152,432,1200,480,48,48,   1,1.00,0.20,0.0712
530,10,26,43.27,MEDIUM,1200,432,1248,480,48,48,   1,1.00,0.20,0.0236
562,11,2,54.99,MEDIUM,48,480,96,528,48,48,  11,1.00,0.20,0.2624
563,11,3,99.48,HIGH,96,480,144,528,48,48,  20,1.00,1.00,0.7513
564,11,4,96.57,HIGH,144,480,192,528,48,48,   1,1.00,1.00,0.4550
565,11,5,90.49,HIGH,192,480,240,528,48,48,   1,1.00,1.00,0.3677
566,11,6,86.50,HIGH,240,480,288,528,48,48,   3,1.00,1.00,0.4876
567,11,7,81.51,HIGH,288,480,336,528,48,48,   2,1.00,1.00,0.3927
568,11,8,50.13,MEDIUM,336,480,384,528,48,48,   1,1.00,0.20,0.0328
569,11,9,64.97,MEDIUM,384,480,432,528,48,48,   3,1.00,0.20,0.1534
577,11,17,41.58,MEDIUM,768,480,816,528,48,48,   4,1.00,0.20,0.0870
578,11,18,99.31,HIGH,816,480,864,528,48,48,   4,1.00,1.00,0.6036
579,11,19,94.88,HIGH,864,480,912,528,48,48,   1,1.00,1.00,0.3515
580,11,20,92.71,HIGH,912,480,960,528,48,48,   0,1.00,1.00,0.0394
581,11,21,86.85,HIGH,960,480,1008,528,48,48,   1,1.00,1.00,0.2927
582,11,22,44.88,MEDIUM,1008,480,1056,528,48,48,   1,1.00,0.20,0.0441
583,11,23,15.23,MEDIUM,1056,480,1104,528,48,48,   0,1.00,0.20,0.0009
618,12,2,53.52,MEDIUM,48,528,96,576,48,48,   6,1.00,0.20,0.1861
619,12,3,98.05,HIGH,96,528,144,576,48,48,   9,1.00,1.00,0.6919
620,12,4,92.32,HIGH,144,528,192,576,48,48,   1,1.00,1.00,0.3783
621,12,5,92.88,HIGH,192,528,240,576,48,48,   3,1.00,1.00,0.5341
622,12,6,85.98,HIGH,240,528,288,576,48,48,   3,1.00,1.00,0.5080
623,12,7,81.47,HIGH,288,528,336,576,48,48,   1,1.00,1.00,0.3523
624,12,8,54.64,MEDIUM,336,528,384,576,48,48,   1,1.00,0.20,0.0420
625,12,9,57.90,MEDIUM,384,528,432,576,48,48,   2,1.00,0.20,0.1134
634,12,18,90.32,HIGH,816,528,864,576,48,48,   1,1.00,1.00,0.3877
635,12,19,98.44,HIGH,864,528,912,576,48,48,   1,1.00,1.00,0.4012
636,12,20,97.44,HIGH,912,528,960,576,48,48,   3,1.00,1.00,0.5696
637,12,21,96.57,HIGH,960,528,1008,576,48,48,   8,1.00,1.00,0.6669
638,12,22,48.26,MEDIUM,1008,528,1056,576,48,48,   1,1.00,0.20,0.0429
639,12,23,29.25,MEDIUM,1056,528,1104,576,48,48,   1,1.00,0.20,0.0104
640,12,24,36.41,MEDIUM,1104,528,1152,576,48,48,   0,1.00,0.20,0.0118
641,12,25,45.01,MEDIUM,1152,528,1200,576,48,48,   0,1.00,0.20,0.0056
642,12,26,72.14,MEDIUM,1200,528,1248,576,48,48,   6,1.00,0.20,0.2977
643,12,27,54.90,MEDIUM,1248,528,1296,576,48,48,   2,1.00,0.20,0.0900
644,12,28,59.98,MEDIUM,1296,528,1344,576,48,48,   4,1.00,0.20,0.1718
645,12,29,60.94,MEDIUM,1344,528,1392,576,48,48,   3,1.00,0.20,0.1443
646,12,30,28.39,MEDIUM,1392,528,1440,576,48,48,  13,1.00,0.20,0.0940
674,13,2,44.31,MEDIUM,48,576,96,624,48,48,   3,1.00,0.20,0.0738
675,13,3,99.09,HIGH,96,576,144,624,48,48,   4,1.00,1.00,0.6254
676,13,4,93.06,HIGH,144,576,192,624,48,48,   0,1.00,1.00,0.1303
677,13,5,91.45,HIGH,192,576,240,624,48,48,   1,1.00,1.00,0.3142
678,13,6,84.51,HIGH,240,576,288,624,48,48,   4,1.00,1.00,0.5314
679,13,7,81.16,HIGH,288,576,336,624,48,48,   1,1.00,1.00,0.2506
680,13,8,65.23,MEDIUM,336,576,384,624,48,48,   0,1.00,0.20,0.0000
681,13,9,50.74,MEDIUM,384,576,432,624,48,48,   5,1.00,0.20,0.1426
690,13,18,96.35,HIGH,816,576,864,624,48,48,   2,1.00,1.00,0.4989
691,13,19,97.79,HIGH,864,576,912,624,48,48,   3,1.00,1.00,0.5687
692,13,20,98.48,HIGH,912,576,960,624,48,48,   2,1.00,1.00,0.5352
693,13,21,93.75,HIGH,960,576,1008,624,48,48,   2,1.00,1.00,0.5213
694,13,22,84.51,HIGH,1008,576,1056,624,48,48,   3,1.00,1.00,0.4813
695,13,23,86.46,HIGH,1056,576,1104,624,48,48,   0,1.00,1.00,0.0000
696,13,24,79.47,MEDIUM,1104,576,1152,624,48,48,   1,1.00,0.20,0.0923
697,13,25,76.17,MEDIUM,1152,576,1200,624,48,48,   1,1.00,0.20,0.0662
698,13,26,79.34,MEDIUM,1200,576,1248,624,48,48,   1,1.00,0.20,0.1040
699,13,27,83.77,HIGH,1248,576,1296,624,48,48,   4,1.00,1.00,0.5319
700,13,28,62.67,MEDIUM,1296,576,1344,624,48,48,   4,1.00,0.20,0.1993
701,13,29,72.44,MEDIUM,1344,576,1392,624,48,48,   5,1.00,0.20,0.2646
702,13,30,52.86,MEDIUM,1392,576,1440,624,48,48,   1,1.00,0.20,0.0519
703,13,31,18.58,MEDIUM,1440,576,1488,624,48,48,   3,1.00,0.20,0.0141
731,14,3,80.12,HIGH,96,624,144,672,48,48,   1,1.00,1.00,0.3484
732,14,4,90.06,HIGH,144,624,192,672,48,48,   3,1.00,1.00,0.5187
733,14,5,86.76,HIGH,192,624,240,672,48,48,   0,1.00,1.00,0.1523
734,14,6,85.03,HIGH,240,624,288,672,48,48,   1,1.00,1.00,0.3559
735,14,7,66.28,MEDIUM,288,624,336,672,48,48,   2,1.00,0.20,0.1500
736,14,8,23.70,MEDIUM,336,624,384,672,48,48,   0,1.00,0.20,0.0000
740,14,12,20.92,MEDIUM,528,624,576,672,48,48,   2,1.00,0.20,0.0125
746,14,18,91.15,HIGH,816,624,864,672,48,48,   3,1.00,1.00,0.5238
747,14,19,97.83,HIGH,864,624,912,672,48,48,   0,1.00,1.00,0.1804
748,14,20,88.19,HIGH,912,624,960,672,48,48,   1,1.00,1.00,0.2837
749,14,21,91.02,HIGH,960,624,1008,672,48,48,   1,1.00,1.00,0.3795
750,14,22,93.14,HIGH,1008,624,1056,672,48,48,   2,1.00,1.00,0.5067
751,14,23,82.25,HIGH,1056,624,1104,672,48,48,   0,1.00,1.00,0.0000
752,14,24,86.28,HIGH,1104,624,1152,672,48,48,   0,1.00,1.00,0.0000
753,14,25,76.22,MEDIUM,1152,624,1200,672,48,48,   0,1.00,0.20,0.0000
754,14,26,75.17,MEDIUM,1200,624,1248,672,48,48,   0,1.00,0.20,0.0446
755,14,27,66.36,MEDIUM,1248,624,1296,672,48,48,   4,1.00,0.20,0.2130
756,14,28,58.12,MEDIUM,1296,624,1344,672,48,48,  15,1.00,0.20,0.3194
757,14,29,58.64,MEDIUM,1344,624,1392,672,48,48,   4,1.00,0.20,0.1574
758,14,30,64.24,MEDIUM,1392,624,1440,672,48,48,   7,1.00,0.20,0.2647
759,14,31,38.67,MEDIUM,1440,624,1488,672,48,48,  21,1.00,0.20,0.1986
787,15,3,79.73,MEDIUM,96,672,144,720,48,48,   2,1.00,0.20,0.1852
788,15,4,95.88,HIGH,144,672,192,720,48,48,   0,1.00,1.00,0.2438
789,15,5,75.13,MEDIUM,192,672,240,720,48,48,   3,1.00,0.20,0.2135
790,15,6,94.49,HIGH,240,672,288,720,48,48,   6,1.00,1.00,0.6315
791,15,7,46.48,MEDIUM,288,672,336,720,48,48,   1,1.00,0.20,0.0238
802,15,18,88.76,HIGH,816,672,864,720,48,48,   2,1.00,1.00,0.4933
803,15,19,95.96,HIGH,864,672,912,720,48,48,   0,1.00,1.00,0.1463
804,15,20,90.10,HIGH,912,672,960,720,48,48,   0,1.00,1.00,0.0298
805,15,21,84.16,HIGH,960,672,1008,720,48,48,   0,1.00,1.00,0.1718
806,15,22,79.25,MEDIUM,1008,672,1056,720,48,48,   0,1.00,0.20,0.0498
807,15,23,81.90,HIGH,1056,672,1104,720,48,48,   1,1.00,1.00,0.3043
808,15,24,78.99,MEDIUM,1104,672,1152,720,48,48,   0,1.00,0.20,0.0240
809,15,25,73.39,MEDIUM,1152,672,1200,720,48,48,   1,1.00,0.20,0.0518
810,15,26,77.00,MEDIUM,1200,672,1248,720,48,48,   1,1.00,0.20,0.0731
811,15,27,80.30,HIGH,1248,672,1296,720,48,48,  20,1.00,1.00,0.6610
812,15,28,72.79,MEDIUM,1296,672,1344,720,48,48,   6,1.00,0.20,0.2914
813,15,29,63.24,MEDIUM,1344,672,1392,720,48,48,  19,1.00,0.20,0.3862
814,15,30,43.14,MEDIUM,1392,672,1440,720,48,48,  15,1.00,0.20,0.2070
843,16,3,56.77,MEDIUM,96,720,144,768,48,48,   4,1.00,0.20,0.1508
844,16,4,94.44,HIGH,144,720,192,768,48,48,   2,1.00,1.00,0.4550
845,16,5,93.75,HIGH,192,720,240,768,48,48,   7,1.00,1.00,0.6466
846,16,6,98.05,HIGH,240,720,288,768,48,48,   4,1.00,1.00,0.6175
847,16,7,36.37,MEDIUM,288,720,336,768,48,48,   1,1.00,0.20,0.0311
848,16,8,48.96,MEDIUM,336,720,384,768,48,48,   5,1.00,0.20,0.1405
851,16,11,24.39,MEDIUM,480,720,528,768,48,48,   5,1.00,0.20,0.0417
852,16,12,35.89,MEDIUM,528,720,576,768,48,48,   3,1.00,0.20,0.0524
853,16,13,30.47,MEDIUM,576,720,624,768,48,48,   5,1.00,0.20,0.0588
858,16,18,64.15,MEDIUM,816,720,864,768,48,48,   3,1.00,0.20,0.1711
859,16,19,96.09,HIGH,864,720,912,768,48,48,   1,1.00,1.00,0.3808
860,16,20,89.50,HIGH,912,720,960,768,48,48,   0,1.00,1.00,0.0532
861,16,21,83.64,HIGH,960,720,1008,768,48,48,   1,1.00,1.00,0.3298
862,16,22,75.91,MEDIUM,1008,720,1056,768,48,48,   1,1.00,0.20,0.0686
863,16,23,79.60,MEDIUM,1056,720,1104,768,48,48,   1,1.00,0.20,0.1376
864,16,24,74.22,MEDIUM,1104,720,1152,768,48,48,   1,1.00,0.20,0.0583
865,16,25,69.18,MEDIUM,1152,720,1200,768,48,48,   0,1.00,0.20,0.0100
866,16,26,81.60,HIGH,1200,720,1248,768,48,48,   0,1.00,1.00,0.0599
867,16,27,63.32,MEDIUM,1248,720,1296,768,48,48,   7,1.00,0.20,0.2650
868,16,28,25.91,MEDIUM,1296,720,1344,768,48,48,   1,1.00,0.20,0.0148
899,17,3,52.60,MEDIUM,96,768,144,816,48,48,   2,1.00,0.20,0.0887
900,17,4,98.74,HIGH,144,768,192,816,48,48,   4,1.00,1.00,0.6193
901,17,5,95.66,HIGH,192,768,240,816,48,48,   4,1.00,1.00,0.5981
902,17,6,92.75,HIGH,240,768,288,816,48,48,   3,1.00,1.00,0.5253
903,17,7,64.11,MEDIUM,288,768,336,816,48,48,   2,1.00,0.20,0.1101
904,17,8,76.87,MEDIUM,336,768,384,816,48,48,   1,1.00,0.20,0.1314
905,17,9,71.22,MEDIUM,384,768,432,816,48,48,   2,1.00,0.20,0.1700
906,17,10,51.35,MEDIUM,432,768,480,816,48,48,   3,1.00,0.20,0.1032
907,17,11,68.58,MEDIUM,480,768,528,816,48,48,  51,1.00,0.20,0.5321
908,17,12,52.78,MEDIUM,528,768,576,816,48,48,   1,1.00,0.20,0.0442
914,17,18,39.02,MEDIUM,816,768,864,816,48,48,   1,1.00,0.20,0.0359
915,17,19,98.57,HIGH,864,768,912,816,48,48,   0,1.00,1.00,0.2132
916,17,20,94.88,HIGH,912,768,960,816,48,48,   1,1.00,1.00,0.3748
917,17,21,76.39,MEDIUM,960,768,1008,816,48,48,   1,1.00,0.20,0.0791
918,17,22,81.21,HIGH,1008,768,1056,816,48,48,   0,1.00,1.00,0.1608
919,17,23,76.61,MEDIUM,1056,768,1104,816,48,48,   2,1.00,0.20,0.1602
920,17,24,71.53,MEDIUM,1104,768,1152,816,48,48,   0,1.00,0.20,0.0000
921,17,25,73.31,MEDIUM,1152,768,1200,816,48,48,   0,1.00,0.20,0.0000
922,17,26,60.20,MEDIUM,1200,768,1248,816,48,48,   1,1.00,0.20,0.0341
923,17,27,65.93,MEDIUM,1248,768,1296,816,48,48,   2,1.00,0.20,0.1344
925,17,29,29.99,MEDIUM,1344,768,1392,816,48,48,   2,1.00,0.20,0.0264
936,17,40,23.09,MEDIUM,1872,768,1920,816,48,48,   6,1.00,0.20,0.0392
937,17,41,81.55,HIGH,1920,768,1968,816,48,48,  12,1.00,1.00,0.6299
938,17,42,45.66,MEDIUM,1968,768,2016,816,48,48,   3,1.00,0.20,0.0882
939,17,43,70.10,MEDIUM,2016,768,2064,816,48,48,   7,1.00,0.20,0.3057
940,17,44,26.43,MEDIUM,2064,768,2112,816,48,48,   8,1.00,0.20,0.0620
955,18,3,66.10,MEDIUM,96,816,144,864,48,48,   9,1.00,0.20,0.3092
956,18,4,98.52,HIGH,144,816,192,864,48,48,   4,1.00,1.00,0.6142
957,18,5,93.79,HIGH,192,816,240,864,48,48,   3,1.00,1.00,0.5452
958,18,6,87.46,HIGH,240,816,288,864,48,48,   0,1.00,1.00,0.0352
959,18,7,81.86,HIGH,288,816,336,864,48,48,   0,1.00,1.00,0.0000
960,18,8,78.73,MEDIUM,336,816,384,864,48,48,   0,1.00,0.20,0.0000
961,18,9,78.30,MEDIUM,384,816,432,864,48,48,   1,1.00,0.20,0.1284
962,18,10,78.12,MEDIUM,432,816,480,864,48,48,   3,1.00,0.20,0.2013
963,18,11,73.65,MEDIUM,480,816,528,864,48,48,   0,1.00,0.20,0.0294
964,18,12,27.21,MEDIUM,528,816,576,864,48,48,   0,1.00,0.20,0.0000
970,18,18,37.89,MEDIUM,816,816,864,864,48,48,   2,1.00,0.20,0.0427
971,18,19,99.00,HIGH,864,816,912,864,48,48,   1,1.00,1.00,0.3209
972,18,20,93.79,HIGH,912,816,960,864,48,48,   1,1.00,1.00,0.3368
973,18,21,88.28,HIGH,960,816,1008,864,48,48,   0,1.00,1.00,0.0756
974,18,22,84.64,HIGH,1008,816,1056,864,48,48,   2,1.00,1.00,0.4304
975,18,23,62.24,MEDIUM,1056,816,1104,864,48,48,   1,1.00,0.20,0.0911
976,18,24,57.90,MEDIUM,1104,816,1152,864,48,48,   0,1.00,0.20,0.0086
977,18,25,38.02,MEDIUM,1152,816,1200,864,48,48,   0,1.00,0.20,0.0087
978,18,26,62.33,MEDIUM,1200,816,1248,864,48,48,   1,1.00,0.20,0.0880
979,18,27,65.93,MEDIUM,1248,816,1296,864,48,48,   7,1.00,0.20,0.2709
980,18,28,25.22,MEDIUM,1296,816,1344,864,48,48,   9,1.00,0.20,0.0607
981,18,29,71.27,MEDIUM,1344,816,1392,864,48,48,   2,1.00,0.20,0.1533
992,18,40,94.57,HIGH,1872,816,1920,864,48,48,   4,1.00,1.00,0.5820
993,18,41,96.92,HIGH,1920,816,1968,864,48,48,   0,1.00,1.00,0.2736
994,18,42,95.40,HIGH,1968,816,2016,864,48,48,   1,1.00,1.00,0.3632
995,18,43,93.19,HIGH,2016,816,2064,864,48,48,   6,1.00,1.00,0.6203
996,18,44,48.22,MEDIUM,2064,816,2112,864,48,48,  10,1.00,0.20,0.2071
1011,19,3,24.00,MEDIUM,96,864,144,912,48,48,   3,1.00,0.20,0.0262
1012,19,4,98.57,HIGH,144,864,192,912,48,48,   2,1.00,1.00,0.4983
1013,19,5,86.81,HIGH,192,864,240,912,48,48,   0,1.00,1.00,0.1814
1014,19,6,90.19,HIGH,240,864,288,912,48,48,   1,1.00,1.00,0.3278
1015,19,7,88.41,HIGH,288,864,336,912,48,48,   0,1.00,1.00,0.0256
1016,19,8,83.07,HIGH,336,864,384,912,48,48,   0,1.00,1.00,0.0000
1017,19,9,77.65,MEDIUM,384,864,432,912,48,48,   0,1.00,0.20,0.0000
1018,19,10,69.70,MEDIUM,432,864,480,912,48,48,   1,1.00,0.20,0.1051
1019,19,11,66.02,MEDIUM,480,864,528,912,48,48,   0,1.00,0.20,0.0052
1020,19,12,35.20,MEDIUM,528,864,576,912,48,48,   0,1.00,0.20,0.0095
1021,19,13,61.41,MEDIUM,576,864,624,912,48,48,   3,1.00,0.20,0.1336
1022,19,14,59.55,MEDIUM,624,864,672,912,48,48,   1,1.00,0.20,0.0650
1027,19,19,93.27,HIGH,864,864,912,912,48,48,   3,1.00,1.00,0.5239
1028,19,20,92.53,HIGH,912,864,960,912,48,48,   3,1.00,1.00,0.5456
1029,19,21,84.85,HIGH,960,864,1008,912,48,48,   0,1.00,1.00,0.1935
1030,19,22,81.34,HIGH,1008,864,1056,912,48,48,   0,1.00,1.00,0.0100
1031,19,23,27.34,MEDIUM,1056,864,1104,912,48,48,   0,1.00,0.20,0.0001
1032,19,24,58.46,MEDIUM,1104,864,1152,912,48,48,   0,1.00,0.20,0.0041
1033,19,25,70.01,MEDIUM,1152,864,1200,912,48,48,   1,1.00,0.20,0.0629
1034,19,26,78.43,MEDIUM,1200,864,1248,912,48,48,   0,1.00,0.20,0.0410
1035,19,27,72.66,MEDIUM,1248,864,1296,912,48,48,   5,1.00,0.20,0.2538
1036,19,28,36.02,MEDIUM,1296,864,1344,912,48,48,  20,1.00,0.20,0.1726
1047,19,39,54.04,MEDIUM,1824,864,1872,912,48,48,   2,1.00,0.20,0.0950
1048,19,40,96.27,HIGH,1872,864,1920,912,48,48,   8,1.00,1.00,0.6710
1049,19,41,77.00,MEDIUM,1920,864,1968,912,48,48,   1,1.00,0.20,0.0925
1051,19,43,28.39,MEDIUM,2016,864,2064,912,48,48,  19,1.00,0.20,0.1132
1052,19,44,54.21,MEDIUM,2064,864,2112,912,48,48,   7,1.00,0.20,0.2027
1068,20,4,81.38,HIGH,144,912,192,960,48,48,   2,1.00,1.00,0.4085
1069,20,5,97.83,HIGH,192,912,240,960,48,48,   1,1.00,1.00,0.3105
1070,20,6,94.57,HIGH,240,912,288,960,48,48,   0,1.00,1.00,0.0464
1071,20,7,87.41,HIGH,288,912,336,960,48,48,   0,1.00,1.00,0.0000
1072,20,8,87.37,HIGH,336,912,384,960,48,48,   0,1.00,1.00,0.1987
1073,20,9,62.50,MEDIUM,384,912,432,960,48,48,   0,1.00,0.20,0.0208
1074,20,10,37.93,MEDIUM,432,912,480,960,48,48,   2,1.00,0.20,0.0526
1075,20,11,64.11,MEDIUM,480,912,528,960,48,48,   0,1.00,0.20,0.0000
1076,20,12,76.30,MEDIUM,528,912,576,960,48,48,   0,1.00,0.20,0.0000
1077,20,13,84.03,HIGH,576,912,624,960,48,48,   1,1.00,1.00,0.3137
1078,20,14,81.34,HIGH,624,912,672,960,48,48,   4,1.00,1.00,0.5008
1079,20,15,43.88,MEDIUM,672,912,720,960,48,48,  16,1.00,0.20,0.2171
1082,20,18,23.31,MEDIUM,816,912,864,960,48,48,   3,1.00,0.20,0.0232
1083,20,19,98.52,HIGH,864,912,912,960,48,48,   1,1.00,1.00,0.4014
1084,20,20,95.05,HIGH,912,912,960,960,48,48,   2,1.00,1.00,0.5006
1085,20,21,93.45,HIGH,960,912,1008,960,48,48,   2,1.00,1.00,0.5043
1086,20,22,73.26,MEDIUM,1008,912,1056,960,48,48,   1,1.00,0.20,0.0690
1087,20,23,49.09,MEDIUM,1056,912,1104,960,48,48,   0,1.00,0.20,0.0062
1088,20,24,75.74,MEDIUM,1104,912,1152,960,48,48,   0,1.00,0.20,0.0369
1089,20,25,83.68,HIGH,1152,912,1200,960,48,48,   0,1.00,1.00,0.0000
1090,20,26,76.39,MEDIUM,1200,912,1248,960,48,48,   1,1.00,0.20,0.0892
1091,20,27,65.93,MEDIUM,1248,912,1296,960,48,48,   3,1.00,0.20,0.1646
1092,20,28,48.87,MEDIUM,1296,912,1344,960,48,48,   7,1.00,0.20,0.1689
1104,20,40,59.24,MEDIUM,1872,912,1920,960,48,48,  11,1.00,0.20,0.2920
1105,20,41,91.23,HIGH,1920,912,1968,960,48,48,   1,1.00,1.00,0.2951
1106,20,42,28.78,MEDIUM,1968,912,2016,960,48,48,   6,1.00,0.20,0.0629
1107,20,43,71.83,MEDIUM,2016,912,2064,960,48,48,   5,1.00,0.20,0.2599
1108,20,44,93.40,HIGH,2064,912,2112,960,48,48,   2,1.00,1.00,0.5220
1109,20,45,60.89,MEDIUM,2112,912,2160,960,48,48,   6,1.00,0.20,0.2253
1125,21,5,99.05,HIGH,192,960,240,1008,48,48,   1,1.00,1.00,0.4122
1126,21,6,94.75,HIGH,240,960,288,1008,48,48,   1,1.00,1.00,0.3973
1127,21,7,89.41,HIGH,288,960,336,1008,48,48,   0,1.00,1.00,0.0401
1128,21,8,90.97,HIGH,336,960,384,1008,48,48,   3,1.00,1.00,0.5545
1129,21,9,67.27,MEDIUM,384,960,432,1008,48,48,   3,1.00,0.20,0.1599
1130,21,10,68.19,MEDIUM,432,960,480,1008,48,48,   3,1.00,0.20,0.1588
1131,21,11,78.69,MEDIUM,480,960,528,1008,48,48,   0,1.00,0.20,0.0000
1132,21,12,82.81,HIGH,528,960,576,1008,48,48,   0,1.00,1.00,0.0384
1133,21,13,81.38,HIGH,576,960,624,1008,48,48,   0,1.00,1.00,0.0000
1134,21,14,82.81,HIGH,624,960,672,1008,48,48,   1,1.00,1.00,0.3036
1135,21,15,52.21,MEDIUM,672,960,720,1008,48,48,   2,1.00,0.20,0.0896
1139,21,19,89.97,HIGH,864,960,912,1008,48,48,   1,1.00,1.00,0.4255
1140,21,20,95.05,HIGH,912,960,960,1008,48,48,   3,1.00,1.00,0.5363
1141,21,21,99.35,HIGH,960,960,1008,1008,48,48,   2,1.00,1.00,0.5320
1142,21,22,84.72,HIGH,1008,960,1056,1008,48,48,   1,1.00,1.00,0.3610
1143,21,23,79.25,MEDIUM,1056,960,1104,1008,48,48,   0,1.00,0.20,0.0000
1144,21,24,76.52,MEDIUM,1104,960,1152,1008,48,48,   0,1.00,0.20,0.0000
1145,21,25,77.17,MEDIUM,1152,960,1200,1008,48,48,   4,1.00,0.20,0.2453
1146,21,26,79.56,MEDIUM,1200,960,1248,1008,48,48,   0,1.00,0.20,0.0406
1147,21,27,63.54,MEDIUM,1248,960,1296,1008,48,48,   4,1.00,0.20,0.1859
1148,21,28,19.23,MEDIUM,1296,960,1344,1008,48,48,   2,1.00,0.20,0.0143
1149,21,29,27.60,MEDIUM,1344,960,1392,1008,48,48,   3,1.00,0.20,0.0387
1159,21,39,28.30,MEDIUM,1824,960,1872,1008,48,48,   3,1.00,0.20,0.0380
1160,21,40,50.91,MEDIUM,1872,960,1920,1008,48,48,   4,1.00,0.20,0.1338
1161,21,41,98.91,HIGH,1920,960,1968,1008,48,48,   2,1.00,1.00,0.5186
1162,21,42,95.83,HIGH,1968,960,2016,1008,48,48,   7,1.00,1.00,0.6545
1163,21,43,96.44,HIGH,2016,960,2064,1008,48,48,   8,1.00,1.00,0.6704
1164,21,44,46.74,MEDIUM,2064,960,2112,1008,48,48,   4,1.00,0.20,0.1181
1165,21,45,31.99,MEDIUM,2112,960,2160,1008,48,48,  26,1.00,0.20,0.1575
1181,22,5,60.59,MEDIUM,192,1008,240,1056,48,48,   1,1.00,0.20,0.0832
1182,22,6,97.96,HIGH,240,1008,288,1056,48,48,   2,1.00,1.00,0.5386
1183,22,7,87.72,HIGH,288,1008,336,1056,48,48,   1,1.00,1.00,0.2417
1184,22,8,91.80,HIGH,336,1008,384,1056,48,48,   3,1.00,1.00,0.5276
1185,22,9,90.67,HIGH,384,1008,432,1056,48,48,   3,1.00,1.00,0.5136
1186,22,10,80.38,HIGH,432,1008,480,1056,48,48,   3,1.00,1.00,0.4827
1187,22,11,78.82,MEDIUM,480,1008,528,1056,48,48,   0,1.00,0.20,0.0000
1188,22,12,68.23,MEDIUM,528,1008,576,1056,48,48,   2,1.00,0.20,0.1236
1189,22,13,76.26,MEDIUM,576,1008,624,1056,48,48,   3,1.00,0.20,0.2045
1190,22,14,85.72,HIGH,624,1008,672,1056,48,48,   1,1.00,1.00,0.3108
1191,22,15,49.35,MEDIUM,672,1008,720,1056,48,48,   2,1.00,0.20,0.0614
1194,22,18,20.75,MEDIUM,816,1008,864,1056,48,48,   3,1.00,0.20,0.0189
1195,22,19,96.44,HIGH,864,1008,912,1056,48,48,   1,1.00,1.00,0.4448
1196,22,20,97.96,HIGH,912,1008,960,1056,48,48,   0,1.00,1.00,0.2563
1197,22,21,96.35,HIGH,960,1008,1008,1056,48,48,   2,1.00,1.00,0.4993
1198,22,22,85.29,HIGH,1008,1008,1056,1056,48,48,   0,1.00,1.00,0.1900
1199,22,23,90.28,HIGH,1056,1008,1104,1056,48,48,   0,1.00,1.00,0.0348
1200,22,24,85.37,HIGH,1104,1008,1152,1056,48,48,   0,1.00,1.00,0.0000
1201,22,25,79.38,MEDIUM,1152,1008,1200,1056,48,48,   1,1.00,0.20,0.0604
1202,22,26,78.17,MEDIUM,1200,1008,1248,1056,48,48,   2,1.00,0.20,0.1981
1203,22,27,71.05,MEDIUM,1248,1008,1296,1056,48,48,   0,1.00,0.20,0.0096
1204,22,28,47.61,MEDIUM,1296,1008,1344,1056,48,48,   4,1.00,0.20,0.1238
1205,22,29,24.78,MEDIUM,1344,1008,1392,1056,48,48,   0,1.00,0.20,0.0055
1215,22,39,92.75,HIGH,1824,1008,1872,1056,48,48,   2,1.00,1.00,0.4954
1216,22,40,96.88,HIGH,1872,1008,1920,1056,48,48,   2,1.00,1.00,0.5142
1217,22,41,98.78,HIGH,1920,1008,1968,1056,48,48,   0,1.00,1.00,0.0966
1218,22,42,95.05,HIGH,1968,1008,2016,1056,48,48,   3,1.00,1.00,0.5531
1219,22,43,89.71,HIGH,2016,1008,2064,1056,48,48,   4,1.00,1.00,0.5490
1220,22,44,35.50,MEDIUM,2064,1008,2112,1056,48,48,   3,1.00,0.20,0.0504
1221,22,45,22.40,MEDIUM,2112,1008,2160,1056,48,48,   2,1.00,0.20,0.0191
1238,23,6,85.20,HIGH,240,1056,288,1104,48,48,   2,1.00,1.00,0.4420
1239,23,7,96.35,HIGH,288,1056,336,1104,48,48,   2,1.00,1.00,0.5245
1240,23,8,94.44,HIGH,336,1056,384,1104,48,48,   3,1.00,1.00,0.5436
1241,23,9,93.01,HIGH,384,1056,432,1104,48,48,   5,1.00,1.00,0.6015
1242,23,10,85.37,HIGH,432,1056,480,1104,48,48,   5,1.00,1.00,0.5643
1243,23,11,78.78,MEDIUM,480,1056,528,1104,48,48,   0,1.00,0.20,0.0203
1244,23,12,79.30,MEDIUM,528,1056,576,1104,48,48,   2,1.00,0.20,0.1772
1245,23,13,73.48,MEDIUM,576,1056,624,1104,48,48,   0,1.00,0.20,0.0137
1246,23,14,79.17,MEDIUM,624,1056,672,1104,48,48,   0,1.00,0.20,0.0000
1247,23,15,74.57,MEDIUM,672,1056,720,1104,48,48,   0,1.00,0.20,0.0476
1248,23,16,41.58,MEDIUM,720,1056,768,1104,48,48,   0,1.00,0.20,0.0045
1251,23,19,85.24,HIGH,864,1056,912,1104,48,48,   2,1.00,1.00,0.4566
1252,23,20,98.00,HIGH,912,1056,960,1104,48,48,   0,1.00,1.00,0.1756
1253,23,21,89.89,HIGH,960,1056,1008,1104,48,48,   0,1.00,1.00,0.1500
1254,23,22,91.23,HIGH,1008,1056,1056,1104,48,48,   1,1.00,1.00,0.3676
1255,23,23,82.86,HIGH,1056,1056,1104,1104,48,48,   0,1.00,1.00,0.2081
1256,23,24,74.48,MEDIUM,1104,1056,1152,1104,48,48,   0,1.00,0.20,0.0000
1257,23,25,76.17,MEDIUM,1152,1056,1200,1104,48,48,   0,1.00,0.20,0.0523
1258,23,26,78.99,MEDIUM,1200,1056,1248,1104,48,48,   0,1.00,0.20,0.0000
1259,23,27,64.02,MEDIUM,1248,1056,1296,1104,48,48,  29,1.00,0.20,0.4404
1260,23,28,56.94,MEDIUM,1296,1056,1344,1104,48,48,   2,1.00,0.20,0.1045
1271,23,39,96.74,HIGH,1824,1056,1872,1104,48,48,   1,1.00,1.00,0.4098
1272,23,40,99.09,HIGH,1872,1056,1920,1104,48,48,   1,1.00,1.00,0.3330
1273,23,41,96.70,HIGH,1920,1056,1968,1104,48,48,   0,1.00,1.00,0.0000
1274,23,42,84.33,HIGH,1968,1056,2016,1104,48,48,   2,1.00,1.00,0.4252
1275,23,43,90.67,HIGH,2016,1056,2064,1104,48,48,   0,1.00,1.00,0.1139
1276,23,44,92.49,HIGH,2064,1056,2112,1104,48,48,   1,1.00,1.00,0.3709
1277,23,45,41.62,MEDIUM,2112,1056,2160,1104,48,48,  11,1.00,0.20,0.1706
1294,24,6,92.97,HIGH,240,1104,288,1152,48,48,   4,1.00,1.00,0.5697
1295,24,7,97.53,HIGH,288,1104,336,1152,48,48,  25,1.00,1.00,0.7562
1296,24,8,97.53,HIGH,336,1104,384,1152,48,48,   3,1.00,1.00,0.5773
1297,24,9,98.44,HIGH,384,1104,432,1152,48,48,   3,1.00,1.00,0.5626
1298,24,10,94.27,HIGH,432,1104,480,1152,48,48,   5,1.00,1.00,0.6056
1299,24,11,90.06,HIGH,480,1104,528,1152,48,48,   3,1.00,1.00,0.5151
1300,24,12,38.85,MEDIUM,528,1104,576,1152,48,48,   1,1.00,0.20,0.0360
1301,24,13,43.49,MEDIUM,576,1104,624,1152,48,48,   1,1.00,0.20,0.0405
1302,24,14,75.43,MEDIUM,624,1104,672,1152,48,48,   5,1.00,0.20,0.2930
1303,24,15,77.21,MEDIUM,672,1104,720,1152,48,48,   1,1.00,0.20,0.0730
1304,24,16,71.96,MEDIUM,720,1104,768,1152,48,48,  17,1.00,0.20,0.4372
1305,24,17,19.53,MEDIUM,768,1104,816,1152,48,48,  52,1.00,0.20,0.0848
1307,24,19,62.15,MEDIUM,864,1104,912,1152,48,48,   3,1.00,0.20,0.1649
1308,24,20,98.09,HIGH,912,1104,960,1152,48,48,   6,1.00,1.00,0.6569
1309,24,21,97.57,HIGH,960,1104,1008,1152,48,48,   0,1.00,1.00,0.2142
1310,24,22,91.93,HIGH,1008,1104,1056,1152,48,48,   0,1.00,1.00,0.0047
1311,24,23,88.06,HIGH,1056,1104,1104,1152,48,48,   0,1.00,1.00,0.1700
1312,24,24,71.70,MEDIUM,1104,1104,1152,1152,48,48,   1,1.00,0.20,0.0981
1313,24,25,75.56,MEDIUM,1152,1104,1200,1152,48,48,   1,1.00,0.20,0.0570
1314,24,26,76.82,MEDIUM,1200,1104,1248,1152,48,48,   0,1.00,0.20,0.0000
1315,24,27,62.76,MEDIUM,1248,1104,1296,1152,48,48,   2,1.00,0.20,0.1149
1326,24,38,26.04,MEDIUM,1776,1104,1824,1152,48,48,   1,1.00,0.20,0.0137
1327,24,39,98.87,HIGH,1824,1104,1872,1152,48,48,   1,1.00,1.00,0.3916
1328,24,40,99.00,HIGH,1872,1104,1920,1152,48,48,   0,1.00,1.00,0.2519
1329,24,41,92.14,HIGH,1920,1104,1968,1152,48,48,   3,1.00,1.00,0.5237
1330,24,42,92.62,HIGH,1968,1104,2016,1152,48,48,   0,1.00,1.00,0.0000
1331,24,43,97.01,HIGH,2016,1104,2064,1152,48,48,   3,1.00,1.00,0.5676
1332,24,44,86.41,HIGH,2064,1104,2112,1152,48,48,   0,1.00,1.00,0.2018
1333,24,45,44.75,MEDIUM,2112,1104,2160,1152,48,48,  27,1.00,0.20,0.2711
1350,25,6,98.87,HIGH,240,1152,288,1200,48,48,   1,1.00,1.00,0.3991
1351,25,7,97.70,HIGH,288,1152,336,1200,48,48,   2,1.00,1.00,0.4710
1352,25,8,97.74,HIGH,336,1152,384,1200,48,48,   4,1.00,1.00,0.6044
1353,25,9,96.35,HIGH,384,1152,432,1200,48,48,   3,1.00,1.00,0.5672
1354,25,10,90.84,HIGH,432,1152,480,1200,48,48,   0,1.00,1.00,0.0000
1355,25,11,85.55,HIGH,480,1152,528,1200,48,48,   0,1.00,1.00,0.0735
1356,25,12,73.05,MEDIUM,528,1152,576,1200,48,48,   0,1.00,0.20,0.0000
1357,25,13,59.81,MEDIUM,576,1152,624,1200,48,48,   2,1.00,0.20,0.1170
1358,25,14,80.34,HIGH,624,1152,672,1200,48,48,   5,1.00,1.00,0.5352
1359,25,15,75.26,MEDIUM,672,1152,720,1200,48,48,   0,1.00,0.20,0.0000
1360,25,16,75.78,MEDIUM,720,1152,768,1200,48,48,   2,1.00,0.20,0.1509
1363,25,19,58.38,MEDIUM,864,1152,912,1200,48,48,   2,1.00,0.20,0.1026
1364,25,20,98.78,HIGH,912,1152,960,1200,48,48,   5,1.00,1.00,0.6375
1365,25,21,96.44,HIGH,960,1152,1008,1200,48,48,   0,1.00,1.00,0.0513
1366,25,22,96.01,HIGH,1008,1152,1056,1200,48,48,   0,1.00,1.00,0.1015
1367,25,23,84.68,HIGH,1056,1152,1104,1200,48,48,   0,1.00,1.00,0.2211
1368,25,24,87.93,HIGH,1104,1152,1152,1200,48,48,   1,1.00,1.00,0.3770
1369,25,25,84.85,HIGH,1152,1152,1200,1200,48,48,   3,1.00,1.00,0.4839
1370,25,26,41.41,MEDIUM,1200,1152,1248,1200,48,48,   1,1.00,0.20,0.0221
1382,25,38,43.27,MEDIUM,1776,1152,1824,1200,48,48,   0,1.00,0.20,0.0045
1383,25,39,98.74,HIGH,1824,1152,1872,1200,48,48,   1,1.00,1.00,0.4508
1384,25,40,79.08,MEDIUM,1872,1152,1920,1200,48,48,   1,1.00,0.20,0.1043
1385,25,41,97.53,HIGH,1920,1152,1968,1200,48,48,   0,1.00,1.00,0.0000
1386,25,42,85.89,HIGH,1968,1152,2016,1200,48,48,   2,1.00,1.00,0.4122
1387,25,43,86.20,HIGH,2016,1152,2064,1200,48,48,   4,1.00,1.00,0.5405
1388,25,44,86.37,HIGH,2064,1152,2112,1200,48,48,   5,1.00,1.00,0.5657
1389,25,45,45.88,MEDIUM,2112,1152,2160,1200,48,48,  40,1.00,0.20,0.3151
1390,25,46,53.17,MEDIUM,2160,1152,2208,1200,48,48,  28,1.00,0.20,0.3464
1391,25,47,15.41,MEDIUM,2208,1152,2256,1200,48,48,   0,1.00,0.20,0.0021
1406,26,6,55.56,MEDIUM,240,1200,288,1248,48,48,   1,1.00,0.20,0.0452
1407,26,7,96.79,HIGH,288,1200,336,1248,48,48,   6,1.00,1.00,0.6438
1408,26,8,96.83,HIGH,336,1200,384,1248,48,48,   2,1.00,1.00,0.4685
1409,26,9,90.93,HIGH,384,1200,432,1248,48,48,   1,1.00,1.00,0.2666
1410,26,10,90.06,HIGH,432,1200,480,1248,48,48,   6,1.00,1.00,0.6038
1411,26,11,84.68,HIGH,480,1200,528,1248,48,48,   0,1.00,1.00,0.0646
1412,26,12,74.00,MEDIUM,528,1200,576,1248,48,48,   2,1.00,0.20,0.1639
1413,26,13,83.42,HIGH,576,1200,624,1248,48,48,   1,1.00,1.00,0.3766
1414,26,14,85.76,HIGH,624,1200,672,1248,48,48,   5,1.00,1.00,0.5568
1415,26,15,82.47,HIGH,672,1200,720,1248,48,48,   0,1.00,1.00,0.0770
1416,26,16,86.50,HIGH,720,1200,768,1248,48,48,   0,1.00,1.00,0.0000
1417,26,17,39.63,MEDIUM,768,1200,816,1248,48,48,   4,1.00,0.20,0.0850
1419,26,19,25.26,MEDIUM,864,1200,912,1248,48,48,   0,1.00,0.20,0.0045
1420,26,20,97.96,HIGH,912,1200,960,1248,48,48,   2,1.00,1.00,0.5197
1421,26,21,95.83,HIGH,960,1200,1008,1248,48,48,   1,1.00,1.00,0.4085
1422,26,22,92.01,HIGH,1008,1200,1056,1248,48,48,   1,1.00,1.00,0.3126
1423,26,23,93.49,HIGH,1056,1200,1104,1248,48,48,   3,1.00,1.00,0.5284
1424,26,24,90.49,HIGH,1104,1200,1152,1248,48,48,   3,1.00,1.00,0.5241
1425,26,25,68.36,MEDIUM,1152,1200,1200,1248,48,48,   2,1.00,0.20,0.1305
1426,26,26,21.48,MEDIUM,1200,1200,1248,1248,48,48,   0,1.00,0.20,0.0002
1427,26,27,21.44,MEDIUM,1248,1200,1296,1248,48,48,   0,1.00,0.20,0.0027
1428,26,28,52.21,MEDIUM,1296,1200,1344,1248,48,48,   2,1.00,0.20,0.0730
1438,26,38,50.95,MEDIUM,1776,1200,1824,1248,48,48,   0,1.00,0.20,0.0099
1439,26,39,96.96,HIGH,1824,1200,1872,1248,48,48,   0,1.00,1.00,0.0969
1440,26,40,86.50,HIGH,1872,1200,1920,1248,48,48,   1,1.00,1.00,0.3257
1441,26,41,96.09,HIGH,1920,1200,1968,1248,48,48,   0,1.00,1.00,0.1017
1442,26,42,89.15,HIGH,1968,1200,2016,1248,48,48,   0,1.00,1.00,0.0000
1443,26,43,89.63,HIGH,2016,1200,2064,1248,48,48,   4,1.00,1.00,0.5762
1444,26,44,93.79,HIGH,2064,1200,2112,1248,48,48,   0,1.00,1.00,0.0000
1445,26,45,95.05,HIGH,2112,1200,2160,1248,48,48,   1,1.00,1.00,0.3508
1446,26,46,81.55,HIGH,2160,1200,2208,1248,48,48,   1,1.00,1.00,0.3361
1463,27,7,51.48,MEDIUM,288,1248,336,1296,48,48,   9,1.00,0.20,0.2095
1464,27,8,98.18,HIGH,336,1248,384,1296,48,48,  65,1.00,1.00,0.8014
1465,27,9,90.41,HIGH,384,1248,432,1296,48,48,   1,1.00,1.00,0.3494
1466,27,10,93.45,HIGH,432,1248,480,1296,48,48,   1,1.00,1.00,0.2943
1467,27,11,88.63,HIGH,480,1248,528,1296,48,48,   2,1.00,1.00,0.4617
1468,27,12,79.90,MEDIUM,528,1248,576,1296,48,48,   2,1.00,0.20,0.1811
1469,27,13,89.19,HIGH,576,1248,624,1296,48,48,   0,1.00,1.00,0.0442
1470,27,14,85.81,HIGH,624,1248,672,1296,48,48,   0,1.00,1.00,0.1611
1471,27,15,83.51,HIGH,672,1248,720,1296,48,48,   1,1.00,1.00,0.2729
1472,27,16,82.86,HIGH,720,1248,768,1296,48,48,   0,1.00,1.00,0.1278
1473,27,17,37.20,MEDIUM,768,1248,816,1296,48,48,   8,1.00,0.20,0.1181
1476,27,20,77.26,MEDIUM,912,1248,960,1296,48,48,   2,1.00,0.20,0.1823
1477,27,21,98.26,HIGH,960,1248,1008,1296,48,48,   5,1.00,1.00,0.6267
1478,27,22,94.49,HIGH,1008,1248,1056,1296,48,48,   0,1.00,1.00,0.0440
1479,27,23,94.18,HIGH,1056,1248,1104,1296,48,48,   1,1.00,1.00,0.4422
1480,27,24,81.42,HIGH,1104,1248,1152,1296,48,48,   3,1.00,1.00,0.4834
1481,27,25,59.59,MEDIUM,1152,1248,1200,1296,48,48,   2,1.00,0.20,0.1251
1482,27,26,45.14,MEDIUM,1200,1248,1248,1296,48,48,   3,1.00,0.20,0.0780
1483,27,27,74.83,MEDIUM,1248,1248,1296,1296,48,48,   0,1.00,0.20,0.0000
1484,27,28,49.91,MEDIUM,1296,1248,1344,1296,48,48,   0,1.00,0.20,0.0163
1494,27,38,55.77,MEDIUM,1776,1248,1824,1296,48,48,   1,1.00,0.20,0.0628
1495,27,39,97.96,HIGH,1824,1248,1872,1296,48,48,  10,1.00,1.00,0.6949
1496,27,40,94.44,HIGH,1872,1248,1920,1296,48,48,   0,1.00,1.00,0.0729
1497,27,41,97.31,HIGH,1920,1248,1968,1296,48,48,   0,1.00,1.00,0.1343
1498,27,42,86.89,HIGH,1968,1248,2016,1296,48,48,   2,1.00,1.00,0.4436
1499,27,43,93.32,HIGH,2016,1248,2064,1296,48,48,   2,1.00,1.00,0.4775
1500,27,44,93.45,HIGH,2064,1248,2112,1296,48,48,   0,1.00,1.00,0.0000
1501,27,45,49.96,MEDIUM,2112,1248,2160,1296,48,48,   0,1.00,0.20,0.0220
1520,28,8,88.15,HIGH,336,1296,384,1344,48,48,   9,1.00,1.00,0.6462
1521,28,9,91.84,HIGH,384,1296,432,1344,48,48,   2,1.00,1.00,0.4925
1522,28,10,95.05,HIGH,432,1296,480,1344,48,48,   3,1.00,1.00,0.5620
1523,28,11,97.27,HIGH,480,1296,528,1344,48,48,   0,1.00,1.00,0.0308
1524,28,12,92.97,HIGH,528,1296,576,1344,48,48,   1,1.00,1.00,0.2848
1525,28,13,89.67,HIGH,576,1296,624,1344,48,48,   0,1.00,1.00,0.0000
1526,28,14,90.62,HIGH,624,1296,672,1344,48,48,   0,1.00,1.00,0.0000
1527,28,15,88.37,HIGH,672,1296,720,1344,48,48,   0,1.00,1.00,0.1090
1528,28,16,77.34,MEDIUM,720,1296,768,1344,48,48,   4,1.00,0.20,0.2649
1532,28,20,23.48,MEDIUM,912,1296,960,1344,48,48,   1,1.00,0.20,0.0084
1533,28,21,97.31,HIGH,960,1296,1008,1344,48,48,   0,1.00,1.00,0.2476
1534,28,22,96.18,HIGH,1008,1296,1056,1344,48,48,   0,1.00,1.00,0.0358
1535,28,23,88.28,HIGH,1056,1296,1104,1344,48,48,   2,1.00,1.00,0.4920
1536,28,24,89.11,HIGH,1104,1296,1152,1344,48,48,   2,1.00,1.00,0.4922
1537,28,25,90.10,HIGH,1152,1296,1200,1344,48,48,   3,1.00,1.00,0.5438
1538,28,26,85.37,HIGH,1200,1296,1248,1344,48,48,   3,1.00,1.00,0.4909
1539,28,27,67.66,MEDIUM,1248,1296,1296,1344,48,48,   1,1.00,0.20,0.0614
1540,28,28,65.45,MEDIUM,1296,1296,1344,1344,48,48,   0,1.00,0.20,0.0240
1551,28,39,17.62,MEDIUM,1824,1296,1872,1344,48,48,   0,1.00,0.20,0.0002
1552,28,40,33.16,MEDIUM,1872,1296,1920,1344,48,48,   0,1.00,0.20,0.0000
1553,28,41,62.33,MEDIUM,1920,1296,1968,1344,48,48,   0,1.00,0.20,0.0000
1554,28,42,47.01,MEDIUM,1968,1296,2016,1344,48,48,   0,1.00,0.20,0.0087
1555,28,43,17.66,MEDIUM,2016,1296,2064,1344,48,48,   0,1.00,0.20,0.0000
1576,29,8,38.59,MEDIUM,336,1344,384,1392,48,48,  10,1.00,0.20,0.1427
1577,29,9,98.31,HIGH,384,1344,432,1392,48,48,  10,1.00,1.00,0.6947
1578,29,10,95.96,HIGH,432,1344,480,1392,48,48,   6,1.00,1.00,0.6419
1579,29,11,97.61,HIGH,480,1344,528,1392,48,48,   1,1.00,1.00,0.2798
1580,29,12,91.06,HIGH,528,1344,576,1392,48,48,   0,1.00,1.00,0.1925
1581,29,13,94.23,HIGH,576,1344,624,1392,48,48,   0,1.00,1.00,0.0990
1582,29,14,95.31,HIGH,624,1344,672,1392,48,48,   0,1.00,1.00,0.0462
1583,29,15,94.44,HIGH,672,1344,720,1392,48,48,   0,1.00,1.00,0.0000
1584,29,16,42.14,MEDIUM,720,1344,768,1392,48,48,   1,1.00,0.20,0.0417
1589,29,21,94.27,HIGH,960,1344,1008,1392,48,48,   1,1.00,1.00,0.3513
1590,29,22,94.40,HIGH,1008,1344,1056,1392,48,48,   1,1.00,1.00,0.4439
1591,29,23,96.27,HIGH,1056,1344,1104,1392,48,48,   3,1.00,1.00,0.5397
1592,29,24,97.18,HIGH,1104,1344,1152,1392,48,48,   3,1.00,1.00,0.5463
1593,29,25,89.97,HIGH,1152,1344,1200,1392,48,48,   3,1.00,1.00,0.5390
1594,29,26,82.77,HIGH,1200,1344,1248,1392,48,48,   0,1.00,1.00,0.0000
1595,29,27,72.70,MEDIUM,1248,1344,1296,1392,48,48,   1,1.00,0.20,0.0835
1596,29,28,36.68,MEDIUM,1296,1344,1344,1392,48,48,   1,1.00,0.20,0.0279
1633,30,9,71.01,MEDIUM,384,1392,432,1440,48,48,   4,1.00,0.20,0.2286
1634,30,10,98.57,HIGH,432,1392,480,1440,48,48,   8,1.00,1.00,0.6800
1635,30,11,97.83,HIGH,480,1392,528,1440,48,48,   0,1.00,1.00,0.0715
1636,30,12,92.32,HIGH,528,1392,576,1440,48,48,   1,1.00,1.00,0.4383
1637,30,13,94.18,HIGH,576,1392,624,1440,48,48,   0,1.00,1.00,0.0000
1638,30,14,92.84,HIGH,624,1392,672,1440,48,48,   0,1.00,1.00,0.0282
1639,30,15,68.10,MEDIUM,672,1392,720,1440,48,48,   5,1.00,0.20,0.2313
1645,30,21,54.38,MEDIUM,960,1392,1008,1440,48,48,   1,1.00,0.20,0.0687
1646,30,22,98.22,HIGH,1008,1392,1056,1440,48,48,   1,1.00,1.00,0.3841
1647,30,23,95.05,HIGH,1056,1392,1104,1440,48,48,   0,1.00,1.00,0.0836
1648,30,24,96.79,HIGH,1104,1392,1152,1440,48,48,   2,1.00,1.00,0.5147
1649,30,25,94.40,HIGH,1152,1392,1200,1440,48,48,   4,1.00,1.00,0.5828
1650,30,26,86.63,HIGH,1200,1392,1248,1440,48,48,   0,1.00,1.00,0.0246
1651,30,27,64.50,MEDIUM,1248,1392,1296,1440,48,48,   1,1.00,0.20,0.0528
1690,31,10,45.27,MEDIUM,432,1440,480,1488,48,48,   2,1.00,0.20,0.0541
1691,31,11,60.07,MEDIUM,480,1440,528,1488,48,48,   0,1.00,0.20,0.0137
1692,31,12,58.55,MEDIUM,528,1440,576,1488,48,48,   0,1.00,0.20,0.0006
1693,31,13,46.92,MEDIUM,576,1440,624,1488,48,48,   1,1.00,0.20,0.0487
1694,31,14,17.49,MEDIUM,624,1440,672,1488,48,48,   7,1.00,0.20,0.0257
1702,31,22,27.08,MEDIUM,1008,1440,1056,1488,48,48,   0,1.00,0.20,0.0006
1703,31,23,42.97,MEDIUM,1056,1440,1104,1488,48,48,   0,1.00,0.20,0.0000
1704,31,24,75.56,MEDIUM,1104,1440,1152,1488,48,48,   0,1.00,0.20,0.0000
1705,31,25,82.86,HIGH,1152,1440,1200,1488,48,48,   0,1.00,1.00,0.1094
1706,31,26,46.88,MEDIUM,1200,1440,1248,1488,48,48,   1,1.00,0.20,0.0242
1816,33,24,69.79,MEDIUM,1104,1536,1152,1584,48,48,   3,1.00,0.20,0.1794
1817,33,25,23.74,MEDIUM,1152,1536,1200,1584,48,48,   3,1.00,0.20,0.0271
1818,33,26,43.97,MEDIUM,1200,1536,1248,1584,48,48,   1,1.00,0.20,0.0430
1819,33,27,56.73,MEDIUM,1248,1536,1296,1584,48,48,   3,1.00,0.20,0.1282
1820,33,28,26.48,MEDIUM,1296,1536,1344,1584,48,48,   8,1.00,0.20,0.0608
1871,34,23,88.41,HIGH,1056,1584,1104,1632,48,48,   3,1.00,1.00,0.5202
1872,34,24,97.79,HIGH,1104,1584,1152,1632,48,48,   2,1.00,1.00,0.5012
1873,34,25,90.06,HIGH,1152,1584,1200,1632,48,48,   1,1.00,1.00,0.3138
1874,34,26,90.41,HIGH,1200,1584,1248,1632,48,48,   0,1.00,1.00,0.1565
1875,34,27,80.47,HIGH,1248,1584,1296,1632,48,48,   0,1.00,1.00,0.0213
1876,34,28,82.12,HIGH,1296,1584,1344,1632,48,48,   1,1.00,1.00,0.2738
1877,34,29,30.90,MEDIUM,1344,1584,1392,1632,48,48,   0,1.00,0.20,0.0004
1926,35,22,36.24,MEDIUM,1008,1632,1056,1680,48,48,   1,1.00,0.20,0.0173
1927,35,23,98.13,HIGH,1056,1632,1104,1680,48,48,   2,1.00,1.00,0.5353
1928,35,24,96.18,HIGH,1104,1632,1152,1680,48,48,   0,1.00,1.00,0.1145
1929,35,25,91.62,HIGH,1152,1632,1200,1680,48,48,   0,1.00,1.00,0.0127
1930,35,26,80.69,HIGH,1200,1632,1248,1680,48,48,   0,1.00,1.00,0.1559
1931,35,27,67.49,MEDIUM,1248,1632,1296,1680,48,48,   0,1.00,0.20,0.0347
1932,35,28,77.56,MEDIUM,1296,1632,1344,1680,48,48,   1,1.00,0.20,0.1089
1933,35,29,71.57,MEDIUM,1344,1632,1392,1680,48,48,   2,1.00,0.20,0.1398
1934,35,30,39.32,MEDIUM,1392,1632,1440,1680,48,48,  14,1.00,0.20,0.1687
1982,36,22,55.90,MEDIUM,1008,1680,1056,1728,48,48,   3,1.00,0.20,0.1125
1983,36,23,96.92,HIGH,1056,1680,1104,1728,48,48,   5,1.00,1.00,0.6313
1984,36,24,95.75,HIGH,1104,1680,1152,1728,48,48,   0,1.00,1.00,0.2676
1985,36,25,85.50,HIGH,1152,1680,1200,1728,48,48,   0,1.00,1.00,0.1934
1986,36,26,78.21,MEDIUM,1200,1680,1248,1728,48,48,   0,1.00,0.20,0.0371
1987,36,27,83.16,HIGH,1248,1680,1296,1728,48,48,   0,1.00,1.00,0.1804
1988,36,28,81.64,HIGH,1296,1680,1344,1728,48,48,   0,1.00,1.00,0.0000
1989,36,29,56.38,MEDIUM,1344,1680,1392,1728,48,48,   5,1.00,0.20,0.1751
1990,36,30,55.77,MEDIUM,1392,1680,1440,1728,48,48,   1,1.00,0.20,0.0563
1991,36,31,52.00,MEDIUM,1440,1680,1488,1728,48,48,   0,1.00,0.20,0.0046
2038,37,22,77.34,MEDIUM,1008,1728,1056,1776,48,48,   1,1.00,0.20,0.1060
2039,37,23,97.14,HIGH,1056,1728,1104,1776,48,48,  13,1.00,1.00,0.7120
2040,37,24,96.79,HIGH,1104,1728,1152,1776,48,48,   1,1.00,1.00,0.2866
2041,37,25,93.27,HIGH,1152,1728,1200,1776,48,48,   1,1.00,1.00,0.3772
2042,37,26,87.63,HIGH,1200,1728,1248,1776,48,48,   0,1.00,1.00,0.1025
2043,37,27,71.74,MEDIUM,1248,1728,1296,1776,48,48,   0,1.00,0.20,0.0000
2044,37,28,74.70,MEDIUM,1296,1728,1344,1776,48,48,   0,1.00,0.20,0.0000
2045,37,29,58.55,MEDIUM,1344,1728,1392,1776,48,48,   0,1.00,0.20,0.0041
2046,37,30,26.87,MEDIUM,1392,1728,1440,1776,48,48,   3,1.00,0.20,0.0295
2047,37,31,50.52,MEDIUM,1440,1728,1488,1776,48,48,   6,1.00,0.20,0.1675
2048,37,32,37.67,MEDIUM,1488,1728,1536,1776,48,48,   1,1.00,0.20,0.0249
2094,38,22,97.96,HIGH,1008,1776,1056,1824,48,48,   3,1.00,1.00,0.5819
2095,38,23,96.27,HIGH,1056,1776,1104,1824,48,48,   6,1.00,1.00,0.6422
2096,38,24,89.11,HIGH,1104,1776,1152,1824,48,48,   0,1.00,1.00,0.1050
2097,38,25,82.12,HIGH,1152,1776,1200,1824,48,48,   0,1.00,1.00,0.1000
2098,38,26,83.77,HIGH,1200,1776,1248,1824,48,48,   0,1.00,1.00,0.0000
2099,38,27,72.22,MEDIUM,1248,1776,1296,1824,48,48,   0,1.00,0.20,0.0000
2100,38,28,69.18,MEDIUM,1296,1776,1344,1824,48,48,   0,1.00,0.20,0.0080
2101,38,29,67.53,MEDIUM,1344,1776,1392,1824,48,48,   0,1.00,0.20,0.0000
2102,38,30,48.61,MEDIUM,1392,1776,1440,1824,48,48,   1,1.00,0.20,0.0262
2103,38,31,69.44,MEDIUM,1440,1776,1488,1824,48,48,  47,1.00,0.20,0.5311
2104,38,32,66.02,MEDIUM,1488,1776,1536,1824,48,48,   1,1.00,0.20,0.0601
2118,38,46,18.53,MEDIUM,2160,1776,2208,1824,48,48,   0,1.00,0.20,0.0000
2119,38,47,20.62,MEDIUM,2208,1776,2256,1824,48,48, 117,1.00,0.20,0.1194
2150,39,22,97.66,HIGH,1008,1824,1056,1872,48,48,   2,1.00,1.00,0.4675
2151,39,23,85.81,HIGH,1056,1824,1104,1872,48,48,   1,1.00,1.00,0.3536
2152,39,24,85.81,HIGH,1104,1824,1152,1872,48,48,   0,1.00,1.00,0.0000
2153,39,25,77.78,MEDIUM,1152,1824,1200,1872,48,48,   1,1.00,0.20,0.1042
2154,39,26,49.83,MEDIUM,1200,1824,1248,1872,48,48,   1,1.00,0.20,0.0266
2155,39,27,56.51,MEDIUM,1248,1824,1296,1872,48,48,   1,1.00,0.20,0.0400
2156,39,28,65.15,MEDIUM,1296,1824,1344,1872,48,48,   0,1.00,0.20,0.0000
2157,39,29,49.74,MEDIUM,1344,1824,1392,1872,48,48,   1,1.00,0.20,0.0459
2158,39,30,67.71,MEDIUM,1392,1824,1440,1872,48,48,   0,1.00,0.20,0.0044
2159,39,31,77.04,MEDIUM,1440,1824,1488,1872,48,48,  56,1.00,0.20,0.5969
2160,39,32,36.28,MEDIUM,1488,1824,1536,1872,48,48,   2,1.00,0.20,0.0345
2165,39,37,31.12,MEDIUM,1728,1824,1776,1872,48,48,   3,1.00,0.20,0.0434
2166,39,38,67.06,MEDIUM,1776,1824,1824,1872,48,48,   4,1.00,0.20,0.2182
2167,39,39,61.63,MEDIUM,1824,1824,1872,1872,48,48,   3,1.00,0.20,0.1644
2168,39,40,56.08,MEDIUM,1872,1824,1920,1872,48,48,   0,1.00,0.20,0.0065
2169,39,41,67.71,MEDIUM,1920,1824,1968,1872,48,48,   1,1.00,0.20,0.0809
2170,39,42,56.81,MEDIUM,1968,1824,2016,1872,48,48,   5,1.00,0.20,0.1846
2171,39,43,36.11,MEDIUM,2016,1824,2064,1872,48,48,   2,1.00,0.20,0.0471
2172,39,44,51.22,MEDIUM,2064,1824,2112,1872,48,48,   0,1.00,0.20,0.0000
2173,39,45,82.34,HIGH,2112,1824,2160,1872,48,48,   5,1.00,1.00,0.5403
2174,39,46,80.77,HIGH,2160,1824,2208,1872,48,48,   1,1.00,1.00,0.3108
2175,39,47,71.53,MEDIUM,2208,1824,2256,1872,48,48,   4,1.00,0.20,0.2382
2176,39,48,61.50,MEDIUM,2256,1824,2304,1872,48,48,   4,1.00,0.20,0.1723
2205,40,21,29.38,MEDIUM,960,1872,1008,1920,48,48,   0,1.00,0.20,0.0072
2206,40,22,99.05,HIGH,1008,1872,1056,1920,48,48,  10,1.00,1.00,0.6982
2207,40,23,91.75,HIGH,1056,1872,1104,1920,48,48,   0,1.00,1.00,0.1998
2208,40,24,82.77,HIGH,1104,1872,1152,1920,48,48,   0,1.00,1.00,0.0000
2209,40,25,84.59,HIGH,1152,1872,1200,1920,48,48,   0,1.00,1.00,0.0000
2210,40,26,71.01,MEDIUM,1200,1872,1248,1920,48,48,   3,1.00,0.20,0.2062
2211,40,27,60.37,MEDIUM,1248,1872,1296,1920,48,48,   0,1.00,0.20,0.0093
2212,40,28,55.16,MEDIUM,1296,1872,1344,1920,48,48,   0,1.00,0.20,0.0266
2213,40,29,48.18,MEDIUM,1344,1872,1392,1920,48,48,   0,1.00,0.20,0.0136
2214,40,30,33.38,MEDIUM,1392,1872,1440,1920,48,48,   4,1.00,0.20,0.0589
2215,40,31,54.34,MEDIUM,1440,1872,1488,1920,48,48,   2,1.00,0.20,0.0820
2216,40,32,33.64,MEDIUM,1488,1872,1536,1920,48,48,   2,1.00,0.20,0.0297
2217,40,33,29.30,MEDIUM,1536,1872,1584,1920,48,48,   4,1.00,0.20,0.0494
2221,40,37,38.11,MEDIUM,1728,1872,1776,1920,48,48,   2,1.00,0.20,0.0488
2222,40,38,97.61,HIGH,1776,1872,1824,1920,48,48,   1,1.00,1.00,0.3552
2223,40,39,91.36,HIGH,1824,1872,1872,1920,48,48,   0,1.00,1.00,0.0273
2224,40,40,77.52,MEDIUM,1872,1872,1920,1920,48,48,   0,1.00,0.20,0.0444
2225,40,41,78.47,MEDIUM,1920,1872,1968,1920,48,48,   1,1.00,0.20,0.0666
2226,40,42,79.30,MEDIUM,1968,1872,2016,1920,48,48,   1,1.00,0.20,0.1395
2227,40,43,67.19,MEDIUM,2016,1872,2064,1920,48,48,   2,1.00,0.20,0.1533
2228,40,44,65.10,MEDIUM,2064,1872,2112,1920,48,48,   4,1.00,0.20,0.1859
2229,40,45,72.87,MEDIUM,2112,1872,2160,1920,48,48,   0,1.00,0.20,0.0000
2230,40,46,74.05,MEDIUM,2160,1872,2208,1920,48,48,   2,1.00,0.20,0.1326
2231,40,47,61.85,MEDIUM,2208,1872,2256,1920,48,48,   5,1.00,0.20,0.2021
2232,40,48,50.43,MEDIUM,2256,1872,2304,1920,48,48,   9,1.00,0.20,0.2032
2233,40,49,38.54,MEDIUM,2304,1872,2352,1920,48,48,   0,1.00,0.20,0.0038
2262,41,22,95.75,HIGH,1008,1920,1056,1968,48,48,   3,1.00,1.00,0.5423
2263,41,23,88.59,HIGH,1056,1920,1104,1968,48,48,   1,1.00,1.00,0.3407
2264,41,24,83.94,HIGH,1104,1920,1152,1968,48,48,   0,1.00,1.00,0.0319
2265,41,25,81.08,HIGH,1152,1920,1200,1968,48,48,   0,1.00,1.00,0.0304
2266,41,26,75.52,MEDIUM,1200,1920,1248,1968,48,48,   0,1.00,0.20,0.0000
2267,41,27,71.61,MEDIUM,1248,1920,1296,1968,48,48,   0,1.00,0.20,0.0194
2268,41,28,72.48,MEDIUM,1296,1920,1344,1968,48,48,   0,1.00,0.20,0.0000
2269,41,29,52.39,MEDIUM,1344,1920,1392,1968,48,48,   0,1.00,0.20,0.0127
2270,41,30,79.99,MEDIUM,1392,1920,1440,1968,48,48,   0,1.00,0.20,0.0162
2271,41,31,78.91,MEDIUM,1440,1920,1488,1968,48,48,   0,1.00,0.20,0.0000
2272,41,32,49.91,MEDIUM,1488,1920,1536,1968,48,48,  38,1.00,0.20,0.3491
2278,41,38,93.10,HIGH,1776,1920,1824,1968,48,48,   5,1.00,1.00,0.5978
2279,41,39,91.19,HIGH,1824,1920,1872,1968,48,48,   1,1.00,1.00,0.2642
2280,41,40,73.05,MEDIUM,1872,1920,1920,1968,48,48,   2,1.00,0.20,0.1384
2281,41,41,76.87,MEDIUM,1920,1920,1968,1968,48,48,   3,1.00,0.20,0.2070
2282,41,42,77.99,MEDIUM,1968,1920,2016,1968,48,48,   0,1.00,0.20,0.0000
2283,41,43,63.63,MEDIUM,2016,1920,2064,1968,48,48,   0,1.00,0.20,0.0012
2284,41,44,53.56,MEDIUM,2064,1920,2112,1968,48,48,   1,1.00,0.20,0.0506
2285,41,45,78.39,MEDIUM,2112,1920,2160,1968,48,48,   0,1.00,0.20,0.0103
2286,41,46,58.81,MEDIUM,2160,1920,2208,1968,48,48,   6,1.00,0.20,0.2059
2287,41,47,59.85,MEDIUM,2208,1920,2256,1968,48,48,   1,1.00,0.20,0.0756
2288,41,48,34.16,MEDIUM,2256,1920,2304,1968,48,48,   3,1.00,0.20,0.0497
2289,41,49,16.58,MEDIUM,2304,1920,2352,1968,48,48,   5,1.00,0.20,0.0197
2317,42,21,27.13,MEDIUM,960,1968,1008,2016,48,48,   0,1.00,0.20,0.0008
2318,42,22,97.66,HIGH,1008,1968,1056,2016,48,48,   4,1.00,1.00,0.5935
2319,42,23,87.80,HIGH,1056,1968,1104,2016,48,48,   1,1.00,1.00,0.3617
2320,42,24,76.00,MEDIUM,1104,1968,1152,2016,48,48,   1,1.00,0.20,0.0525
2321,42,25,79.60,MEDIUM,1152,1968,1200,2016,48,48,   0,1.00,0.20,0.0000
2322,42,26,78.95,MEDIUM,1200,1968,1248,2016,48,48,   2,1.00,0.20,0.1816
2323,42,27,68.23,MEDIUM,1248,1968,1296,2016,48,48,   0,1.00,0.20,0.0000
2324,42,28,65.45,MEDIUM,1296,1968,1344,2016,48,48,   0,1.00,0.20,0.0000
2325,42,29,58.42,MEDIUM,1344,1968,1392,2016,48,48,   0,1.00,0.20,0.0000
2326,42,30,26.30,MEDIUM,1392,1968,1440,2016,48,48,   0,1.00,0.20,0.0000
2334,42,38,72.61,MEDIUM,1776,1968,1824,2016,48,48,   1,1.00,0.20,0.1015
2335,42,39,92.75,HIGH,1824,1968,1872,2016,48,48,   1,1.00,1.00,0.4080
2336,42,40,85.46,HIGH,1872,1968,1920,2016,48,48,   0,1.00,1.00,0.1236
2337,42,41,78.39,MEDIUM,1920,1968,1968,2016,48,48,   3,1.00,0.20,0.2373
2338,42,42,48.83,MEDIUM,1968,1968,2016,2016,48,48,   0,1.00,0.20,0.0086
2340,42,44,38.76,MEDIUM,2064,1968,2112,2016,48,48,   3,1.00,0.20,0.0656
2341,42,45,63.28,MEDIUM,2112,1968,2160,2016,48,48,   1,1.00,0.20,0.0387
2342,42,46,58.42,MEDIUM,2160,1968,2208,2016,48,48,   2,1.00,0.20,0.0843
2343,42,47,64.24,MEDIUM,2208,1968,2256,2016,48,48,   1,1.00,0.20,0.0461
2344,42,48,69.70,MEDIUM,2256,1968,2304,2016,48,48,   1,1.00,0.20,0.0479
2345,42,49,33.55,MEDIUM,2304,1968,2352,2016,48,48,   1,1.00,0.20,0.0258
2373,43,21,23.35,MEDIUM,960,2016,1008,2064,48,48,   0,1.00,0.20,0.0046
2374,43,22,99.09,HIGH,1008,2016,1056,2064,48,48,   6,1.00,1.00,0.6633
2375,43,23,93.27,HIGH,1056,2016,1104,2064,48,48,   2,1.00,1.00,0.4601
2376,43,24,87.93,HIGH,1104,2016,1152,2064,48,48,   0,1.00,1.00,0.1656
2377,43,25,73.65,MEDIUM,1152,2016,1200,2064,48,48,   2,1.00,0.20,0.1671
2378,43,26,78.52,MEDIUM,1200,2016,1248,2064,48,48,   1,1.00,0.20,0.0679
2379,43,27,63.54,MEDIUM,1248,2016,1296,2064,48,48,   0,1.00,0.20,0.0278
2380,43,28,40.45,MEDIUM,1296,2016,1344,2064,48,48,   0,1.00,0.20,0.0042
2390,43,38,43.19,MEDIUM,1776,2016,1824,2064,48,48,   1,1.00,0.20,0.0400
2391,43,39,96.96,HIGH,1824,2016,1872,2064,48,48,   6,1.00,1.00,0.6462
2392,43,40,91.41,HIGH,1872,2016,1920,2064,48,48,   5,1.00,1.00,0.5993
2393,43,41,96.48,HIGH,1920,2016,1968,2064,48,48,   4,1.00,1.00,0.6130
2394,43,42,50.82,MEDIUM,1968,2016,2016,2064,48,48,   6,1.00,0.20,0.1660
2395,43,43,23.05,MEDIUM,2016,2016,2064,2064,48,48,   1,1.00,0.20,0.0060
2396,43,44,55.16,MEDIUM,2064,2016,2112,2064,48,48,   2,1.00,0.20,0.0875
2397,43,45,64.50,MEDIUM,2112,2016,2160,2064,48,48,   0,1.00,0.20,0.0317
2398,43,46,70.75,MEDIUM,2160,2016,2208,2064,48,48,   0,1.00,0.20,0.0128
2399,43,47,66.84,MEDIUM,2208,2016,2256,2064,48,48,   1,1.00,0.20,0.0523
2400,43,48,64.63,MEDIUM,2256,2016,2304,2064,48,48,   6,1.00,0.20,0.2479
2430,44,22,97.09,HIGH,1008,2064,1056,2112,48,48,   7,1.00,1.00,0.6557
2431,44,23,97.92,HIGH,1056,2064,1104,2112,48,48,   2,1.00,1.00,0.5271
2432,44,24,78.43,MEDIUM,1104,2064,1152,2112,48,48,   0,1.00,0.20,0.0478
2433,44,25,73.61,MEDIUM,1152,2064,1200,2112,48,48,   0,1.00,0.20,0.0188
2434,44,26,76.48,MEDIUM,1200,2064,1248,2112,48,48,   1,1.00,0.20,0.0860
2435,44,27,60.81,MEDIUM,1248,2064,1296,2112,48,48,   0,1.00,0.20,0.0000
2440,44,32,17.71,MEDIUM,1488,2064,1536,2112,48,48,   0,1.00,0.20,0.0000
2441,44,33,21.14,MEDIUM,1536,2064,1584,2112,48,48,   0,1.00,0.20,0.0012
2447,44,39,92.80,HIGH,1824,2064,1872,2112,48,48,   2,1.00,1.00,0.4935
2448,44,40,96.79,HIGH,1872,2064,1920,2112,48,48,   9,1.00,1.00,0.6868
2449,44,41,95.75,HIGH,1920,2064,1968,2112,48,48,   4,1.00,1.00,0.5981
2450,44,42,98.00,HIGH,1968,2064,2016,2112,48,48,   4,1.00,1.00,0.5946
2451,44,43,71.01,MEDIUM,2016,2064,2064,2112,48,48,   1,1.00,0.20,0.0983
2452,44,44,73.65,MEDIUM,2064,2064,2112,2112,48,48,   0,1.00,0.20,0.0138
2453,44,45,71.35,MEDIUM,2112,2064,2160,2112,48,48,   1,1.00,0.20,0.0894
2454,44,46,65.15,MEDIUM,2160,2064,2208,2112,48,48,   7,1.00,0.20,0.2786
2455,44,47,59.90,MEDIUM,2208,2064,2256,2112,48,48,   1,1.00,0.20,0.0558
2456,44,48,42.49,MEDIUM,2256,2064,2304,2112,48,48,   2,1.00,0.20,0.0605
2486,45,22,57.73,MEDIUM,1008,2112,1056,2160,48,48,   3,1.00,0.20,0.1349
2487,45,23,95.66,HIGH,1056,2112,1104,2160,48,48,   2,1.00,1.00,0.5108
2488,45,24,86.20,HIGH,1104,2112,1152,2160,48,48,   1,1.00,1.00,0.2523
2489,45,25,85.24,HIGH,1152,2112,1200,2160,48,48,   0,1.00,1.00,0.0000
2490,45,26,63.15,MEDIUM,1200,2112,1248,2160,48,48,   2,1.00,0.20,0.1365
2491,45,27,68.58,MEDIUM,1248,2112,1296,2160,48,48,   1,1.00,0.20,0.0944
2492,45,28,56.03,MEDIUM,1296,2112,1344,2160,48,48,   0,1.00,0.20,0.0290
2493,45,29,39.28,MEDIUM,1344,2112,1392,2160,48,48,   0,1.00,0.20,0.0056
2494,45,30,64.28,MEDIUM,1392,2112,1440,2160,48,48,   1,1.00,0.20,0.0589
2495,45,31,73.13,MEDIUM,1440,2112,1488,2160,48,48,   0,1.00,0.20,0.0000
2496,45,32,70.05,MEDIUM,1488,2112,1536,2160,48,48,   1,1.00,0.20,0.0662
2497,45,33,76.09,MEDIUM,1536,2112,1584,2160,48,48,   1,1.00,0.20,0.0806
2498,45,34,40.67,MEDIUM,1584,2112,1632,2160,48,48,   0,1.00,0.20,0.0000
2503,45,39,66.45,MEDIUM,1824,2112,1872,2160,48,48,   3,1.00,0.20,0.1640
2504,45,40,95.49,HIGH,1872,2112,1920,2160,48,48,  29,1.00,1.00,0.7568
2505,45,41,95.01,HIGH,1920,2112,1968,2160,48,48,   1,1.00,1.00,0.4144
2506,45,42,90.23,HIGH,1968,2112,2016,2160,48,48,   2,1.00,1.00,0.5013
2507,45,43,87.80,HIGH,2016,2112,2064,2160,48,48,   0,1.00,1.00,0.2178
2508,45,44,82.16,HIGH,2064,2112,2112,2160,48,48,   1,1.00,1.00,0.3016
2509,45,45,78.34,MEDIUM,2112,2112,2160,2160,48,48,   1,1.00,0.20,0.0892
2510,45,46,76.09,MEDIUM,2160,2112,2208,2160,48,48,   1,1.00,0.20,0.1128
2511,45,47,54.69,MEDIUM,2208,2112,2256,2160,48,48,   5,1.00,0.20,0.1717
2542,46,22,44.75,MEDIUM,1008,2160,1056,2208,48,48,   1,1.00,0.20,0.0315
2543,46,23,96.48,HIGH,1056,2160,1104,2208,48,48,   0,1.00,1.00,0.1891
2544,46,24,87.02,HIGH,1104,2160,1152,2208,48,48,   0,1.00,1.00,0.1453
2545,46,25,83.81,HIGH,1152,2160,1200,2208,48,48,   0,1.00,1.00,0.0000
2546,46,26,71.92,MEDIUM,1200,2160,1248,2208,48,48,   0,1.00,0.20,0.0311
2547,46,27,80.08,HIGH,1248,2160,1296,2208,48,48,   2,1.00,1.00,0.4021
2548,46,28,60.94,MEDIUM,1296,2160,1344,2208,48,48,   1,1.00,0.20,0.0642
2549,46,29,71.96,MEDIUM,1344,2160,1392,2208,48,48,   0,1.00,0.20,0.0132
2550,46,30,74.26,MEDIUM,1392,2160,1440,2208,48,48,   0,1.00,0.20,0.0000
2551,46,31,76.65,MEDIUM,1440,2160,1488,2208,48,48,   0,1.00,0.20,0.0000
2552,46,32,77.34,MEDIUM,1488,2160,1536,2208,48,48,   3,1.00,0.20,0.2226
2553,46,33,75.04,MEDIUM,1536,2160,1584,2208,48,48,   2,1.00,0.20,0.1824
2554,46,34,18.75,MEDIUM,1584,2160,1632,2208,48,48,   1,1.00,0.20,0.0052
2559,46,39,38.45,MEDIUM,1824,2160,1872,2208,48,48,   2,1.00,0.20,0.0418
2560,46,40,97.57,HIGH,1872,2160,1920,2208,48,48,   3,1.00,1.00,0.5595
2561,46,41,91.49,HIGH,1920,2160,1968,2208,48,48,   2,1.00,1.00,0.4693
2562,46,42,89.80,HIGH,1968,2160,2016,2208,48,48,   1,1.00,1.00,0.3671
2563,46,43,89.19,HIGH,2016,2160,2064,2208,48,48,   2,1.00,1.00,0.4884
2564,46,44,89.93,HIGH,2064,2160,2112,2208,48,48,   0,1.00,1.00,0.0620
2565,46,45,86.59,HIGH,2112,2160,2160,2208,48,48,   0,1.00,1.00,0.0761
2566,46,46,70.88,MEDIUM,2160,2160,2208,2208,48,48,   5,1.00,0.20,0.2581
2598,47,22,24.31,MEDIUM,1008,2208,1056,2256,48,48,   1,1.00,0.20,0.0074
2599,47,23,98.61,HIGH,1056,2208,1104,2256,48,48,   1,1.00,1.00,0.4425
2600,47,24,91.06,HIGH,1104,2208,1152,2256,48,48,   0,1.00,1.00,0.0143
2601,47,25,77.99,MEDIUM,1152,2208,1200,2256,48,48,   0,1.00,0.20,0.0000
2602,47,26,72.01,MEDIUM,1200,2208,1248,2256,48,48,   0,1.00,0.20,0.0000
2603,47,27,76.04,MEDIUM,1248,2208,1296,2256,48,48,   0,1.00,0.20,0.0503
2604,47,28,73.48,MEDIUM,1296,2208,1344,2256,48,48,   1,1.00,0.20,0.0653
2605,47,29,66.45,MEDIUM,1344,2208,1392,2256,48,48,   0,1.00,0.20,0.0000
2606,47,30,74.00,MEDIUM,1392,2208,1440,2256,48,48,   0,1.00,0.20,0.0000
2607,47,31,71.66,MEDIUM,1440,2208,1488,2256,48,48,   0,1.00,0.20,0.0000
2608,47,32,60.24,MEDIUM,1488,2208,1536,2256,48,48,   0,1.00,0.20,0.0000
2616,47,40,60.29,MEDIUM,1872,2208,1920,2256,48,48,   3,1.00,0.20,0.1352
2617,47,41,98.48,HIGH,1920,2208,1968,2256,48,48,   4,1.00,1.00,0.6209
2618,47,42,96.40,HIGH,1968,2208,2016,2256,48,48,   1,1.00,1.00,0.3615
2619,47,43,92.27,HIGH,2016,2208,2064,2256,48,48,   1,1.00,1.00,0.3866
2620,47,44,92.71,HIGH,2064,2208,2112,2256,48,48,   0,1.00,1.00,0.0000
2621,47,45,81.81,HIGH,2112,2208,2160,2256,48,48,   1,1.00,1.00,0.3142
2622,47,46,20.88,MEDIUM,2160,2208,2208,2256,48,48,   1,1.00,0.20,0.0066
2654,48,22,43.75,MEDIUM,1008,2256,1056,2304,48,48,   1,1.00,0.20,0.0441
2655,48,23,98.00,HIGH,1056,2256,1104,2304,48,48,   4,1.00,1.00,0.6049
2656,48,24,90.10,HIGH,1104,2256,1152,2304,48,48,   0,1.00,1.00,0.0911
2657,48,25,81.12,HIGH,1152,2256,1200,2304,48,48,   1,1.00,1.00,0.2508
2658,48,26,85.37,HIGH,1200,2256,1248,2304,48,48,   0,1.00,1.00,0.0000
2659,48,27,82.68,HIGH,1248,2256,1296,2304,48,48,   1,1.00,1.00,0.3245
2660,48,28,77.47,MEDIUM,1296,2256,1344,2304,48,48,   0,1.00,0.20,0.0152
2661,48,29,70.62,MEDIUM,1344,2256,1392,2304,48,48,   0,1.00,0.20,0.0000
2662,48,30,61.33,MEDIUM,1392,2256,1440,2304,48,48,   0,1.00,0.20,0.0000
2663,48,31,17.58,MEDIUM,1440,2256,1488,2304,48,48,   0,1.00,0.20,0.0000
2673,48,41,35.24,MEDIUM,1920,2256,1968,2304,48,48,   3,1.00,0.20,0.0611
2674,48,42,90.19,HIGH,1968,2256,2016,2304,48,48,   2,1.00,1.00,0.4837
2675,48,43,90.10,HIGH,2016,2256,2064,2304,48,48,   2,1.00,1.00,0.4271
2676,48,44,89.02,HIGH,2064,2256,2112,2304,48,48,   4,1.00,1.00,0.5562
2677,48,45,35.46,MEDIUM,2112,2256,2160,2304,48,48,   3,1.00,0.20,0.0561
2710,49,22,33.85,MEDIUM,1008,2304,1056,2352,48,48,   1,1.00,0.20,0.0221
2711,49,23,98.48,HIGH,1056,2304,1104,2352,48,48,   2,1.00,1.00,0.4987
2712,49,24,94.70,HIGH,1104,2304,1152,2352,48,48,   1,1.00,1.00,0.3031
2713,49,25,87.93,HIGH,1152,2304,1200,2352,48,48,   0,1.00,1.00,0.0596
2714,49,26,82.16,HIGH,1200,2304,1248,2352,48,48,   1,1.00,1.00,0.2368
2715,49,27,81.47,HIGH,1248,2304,1296,2352,48,48,   0,1.00,1.00,0.0928
2716,49,28,76.61,MEDIUM,1296,2304,1344,2352,48,48,   0,1.00,0.20,0.0000
2717,49,29,72.57,MEDIUM,1344,2304,1392,2352,48,48,   1,1.00,0.20,0.0687
2721,49,33,34.46,MEDIUM,1536,2304,1584,2352,48,48,   0,1.00,0.20,0.0014
2730,49,42,69.01,MEDIUM,1968,2304,2016,2352,48,48,   1,1.00,0.20,0.0971
2731,49,43,63.76,MEDIUM,2016,2304,2064,2352,48,48,   3,1.00,0.20,0.1540
2767,50,23,61.02,MEDIUM,1056,2352,1104,2400,48,48,   3,1.00,0.20,0.1579
2768,50,24,97.66,HIGH,1104,2352,1152,2400,48,48,   1,1.00,1.00,0.4023
2769,50,25,87.89,HIGH,1152,2352,1200,2400,48,48,   0,1.00,1.00,0.0810
2770,50,26,73.35,MEDIUM,1200,2352,1248,2400,48,48,   0,1.00,0.20,0.0137
2771,50,27,45.66,MEDIUM,1248,2352,1296,2400,48,48,   0,1.00,0.20,0.0014
2772,50,28,22.66,MEDIUM,1296,2352,1344,2400,48,48,   2,1.00,0.20,0.0148
2773,50,29,20.05,MEDIUM,1344,2352,1392,2400,48,48,   1,1.00,0.20,0.0059
2776,50,32,45.66,MEDIUM,1488,2352,1536,2400,48,48,   0,1.00,0.20,0.0000
2777,50,33,75.48,MEDIUM,1536,2352,1584,2400,48,48,   0,1.00,0.20,0.0022
2823,51,23,41.23,MEDIUM,1056,2400,1104,2448,48,48,   0,1.00,0.20,0.0082
2824,51,24,93.45,HIGH,1104,2400,1152,2448,48,48,   1,1.00,1.00,0.2870
2825,51,25,80.30,HIGH,1152,2400,1200,2448,48,48,   1,1.00,1.00,0.3670
2826,51,26,81.73,HIGH,1200,2400,1248,2448,48,48,   1,1.00,1.00,0.2704
2829,51,29,35.11,MEDIUM,1344,2400,1392,2448,48,48,   0,1.00,0.20,0.0000
2830,51,30,42.66,MEDIUM,1392,2400,1440,2448,48,48,   0,1.00,0.20,0.0047
2831,51,31,38.06,MEDIUM,1440,2400,1488,2448,48,48,   0,1.00,0.20,0.0030
2832,51,32,72.18,MEDIUM,1488,2400,1536,2448,48,48,   0,1.00,0.20,0.0000
2833,51,33,74.83,MEDIUM,1536,2400,1584,2448,48,48,  13,1.00,0.20,0.4228
2879,52,23,56.03,MEDIUM,1056,2448,1104,2496,48,48,   3,1.00,0.20,0.1353
2880,52,24,89.80,HIGH,1104,2448,1152,2496,48,48,   2,1.00,1.00,0.4608
2881,52,25,84.16,HIGH,1152,2448,1200,2496,48,48,   3,1.00,1.00,0.5072
2882,52,26,90.23,HIGH,1200,2448,1248,2496,48,48,   2,1.00,1.00,0.4889
2883,52,27,25.30,MEDIUM,1248,2448,1296,2496,48,48,   0,1.00,0.20,0.0050
2884,52,28,51.69,MEDIUM,1296,2448,1344,2496,48,48,   0,1.00,0.20,0.0008
2885,52,29,67.40,MEDIUM,1344,2448,1392,2496,48,48,   0,1.00,0.20,0.0000
2886,52,30,28.69,MEDIUM,1392,2448,1440,2496,48,48,   1,1.00,0.20,0.0094
2887,52,31,53.86,MEDIUM,1440,2448,1488,2496,48,48,   0,1.00,0.20,0.0000
2888,52,32,72.57,MEDIUM,1488,2448,1536,2496,48,48,  11,1.00,0.20,0.3768
2889,52,33,53.95,MEDIUM,1536,2448,1584,2496,48,48,   0,1.00,0.20,0.0180
2935,53,23,50.82,MEDIUM,1056,2496,1104,2544,48,48,   0,1.00,0.20,0.0234
2936,53,24,94.10,HIGH,1104,2496,1152,2544,48,48,   1,1.00,1.00,0.2853
2937,53,25,91.58,HIGH,1152,2496,1200,2544,48,48,   3,1.00,1.00,0.5500
2938,53,26,94.31,HIGH,1200,2496,1248,2544,48,48,   3,1.00,1.00,0.5624
2939,53,27,74.05,MEDIUM,1248,2496,1296,2544,48,48,   1,1.00,0.20,0.1185
2940,53,28,69.66,MEDIUM,1296,2496,1344,2544,48,48,   0,1.00,0.20,0.0000
2941,53,29,84.24,HIGH,1344,2496,1392,2544,48,48,   1,1.00,1.00,0.2547
2942,53,30,78.34,MEDIUM,1392,2496,1440,2544,48,48,   0,1.00,0.20,0.0000
2943,53,31,61.41,MEDIUM,1440,2496,1488,2544,48,48,   0,1.00,0.20,0.0096
2944,53,32,48.48,MEDIUM,1488,2496,1536,2544,48,48,   1,1.00,0.20,0.0431
2991,54,23,53.04,MEDIUM,1056,2544,1104,2592,48,48,   3,1.00,0.20,0.1163
2992,54,24,95.53,HIGH,1104,2544,1152,2592,48,48,   1,1.00,1.00,0.2802
2993,54,25,95.66,HIGH,1152,2544,1200,2592,48,48,   0,1.00,1.00,0.2278
2994,54,26,91.15,HIGH,1200,2544,1248,2592,48,48,   3,1.00,1.00,0.5333
2995,54,27,78.69,MEDIUM,1248,2544,1296,2592,48,48,   2,1.00,0.20,0.1847
2996,54,28,67.49,MEDIUM,1296,2544,1344,2592,48,48,   1,1.00,0.20,0.0648
2997,54,29,85.72,HIGH,1344,2544,1392,2592,48,48,   2,1.00,1.00,0.4204
2998,54,30,59.94,MEDIUM,1392,2544,1440,2592,48,48,   2,1.00,0.20,0.0950
2999,54,31,68.01,MEDIUM,1440,2544,1488,2592,48,48,   0,1.00,0.20,0.0054
3000,54,32,64.02,MEDIUM,1488,2544,1536,2592,48,48,   1,1.00,0.20,0.0701
3047,55,23,41.80,MEDIUM,1056,2592,1104,2640,48,48,   1,1.00,0.20,0.0305
3048,55,24,96.05,HIGH,1104,2592,1152,2640,48,48,   1,1.00,1.00,0.4544
3049,55,25,88.50,HIGH,1152,2592,1200,2640,48,48,   0,1.00,1.00,0.0725
3050,55,26,93.79,HIGH,1200,2592,1248,2640,48,48,   1,1.00,1.00,0.3522
3051,55,27,83.38,HIGH,1248,2592,1296,2640,48,48,   0,1.00,1.00,0.0431
3052,55,28,72.96,MEDIUM,1296,2592,1344,2640,48,48,   0,1.00,0.20,0.0168
3053,55,29,74.35,MEDIUM,1344,2592,1392,2640,48,48,   0,1.00,0.20,0.0000
3054,55,30,66.67,MEDIUM,1392,2592,1440,2640,48,48,   0,1.00,0.20,0.0113
3055,55,31,70.92,MEDIUM,1440,2592,1488,2640,48,48,   1,1.00,0.20,0.0512
3056,55,32,23.65,MEDIUM,1488,2592,1536,2640,48,48,   2,1.00,0.20,0.0201
3104,56,24,98.44,HIGH,1104,2640,1152,2688,48,48,   1,1.00,1.00,0.4557
3105,56,25,97.05,HIGH,1152,2640,1200,2688,48,48,   0,1.00,1.00,0.1338
3106,56,26,92.27,HIGH,1200,2640,1248,2688,48,48,   1,1.00,1.00,0.3052
3107,56,27,90.93,HIGH,1248,2640,1296,2688,48,48,   0,1.00,1.00,0.0000
3108,56,28,87.76,HIGH,1296,2640,1344,2688,48,48,   0,1.00,1.00,0.0430
3109,56,29,82.34,HIGH,1344,2640,1392,2688,48,48,   1,1.00,1.00,0.2730
3110,56,30,74.70,MEDIUM,1392,2640,1440,2688,48,48,   0,1.00,0.20,0.0101
3111,56,31,72.96,MEDIUM,1440,2640,1488,2688,48,48,   0,1.00,0.20,0.0135
3112,56,32,55.34,MEDIUM,1488,2640,1536,2688,48,48,   2,1.00,0.20,0.1036
3160,57,24,75.30,MEDIUM,1104,2688,1152,2736,48,48,   1,1.00,0.20,0.1280
3161,57,25,98.26,HIGH,1152,2688,1200,2736,48,48,   0,1.00,1.00,0.2137
3162,57,26,96.01,HIGH,1200,2688,1248,2736,48,48,   0,1.00,1.00,0.2316
3163,57,27,96.44,HIGH,1248,2688,1296,2736,48,48,   0,1.00,1.00,0.0000
3164,57,28,89.11,HIGH,1296,2688,1344,2736,48,48,   0,1.00,1.00,0.2340
3165,57,29,83.55,HIGH,1344,2688,1392,2736,48,48,   0,1.00,1.00,0.0000
3166,57,30,73.78,MEDIUM,1392,2688,1440,2736,48,48,   1,1.00,0.20,0.1058
3167,57,31,78.56,MEDIUM,1440,2688,1488,2736,48,48,   0,1.00,0.20,0.0000
3168,57,32,29.34,MEDIUM,1488,2688,1536,2736,48,48,   8,1.00,0.20,0.0764
3217,58,25,79.12,MEDIUM,1152,2736,1200,2784,48,48,   1,1.00,0.20,0.0918
3218,58,26,98.65,HIGH,1200,2736,1248,2784,48,48,   1,1.00,1.00,0.4579
3219,58,27,97.87,HIGH,1248,2736,1296,2784,48,48,   2,1.00,1.00,0.4730
3220,58,28,93.10,HIGH,1296,2736,1344,2784,48,48,   0,1.00,1.00,0.0000
3221,58,29,86.20,HIGH,1344,2736,1392,2784,48,48,   0,1.00,1.00,0.0835
3222,58,30,80.30,HIGH,1392,2736,1440,2784,48,48,   2,1.00,1.00,0.4092
3223,58,31,79.77,MEDIUM,1440,2736,1488,2784,48,48,   0,1.00,0.20,0.0559
3224,58,32,15.02,MEDIUM,1488,2736,1536,2784,48,48,  18,1.00,0.20,0.0333
3274,59,26,62.50,MEDIUM,1200,2784,1248,2832,48,48,   0,1.00,0.20,0.0019
3275,59,27,95.57,HIGH,1248,2784,1296,2832,48,48,   3,1.00,1.00,0.5634
3276,59,28,95.88,HIGH,1296,2784,1344,2832,48,48,   0,1.00,1.00,0.0000
3277,59,29,89.71,HIGH,1344,2784,1392,2832,48,48,   2,1.00,1.00,0.4514
3278,59,30,84.07,HIGH,1392,2784,1440,2832,48,48,   1,1.00,1.00,0.3512
3279,59,31,44.57,MEDIUM,1440,2784,1488,2832,48,48,   2,1.00,0.20,0.0558
3330,60,26,20.14,MEDIUM,1200,2832,1248,2880,48,48,   0,1.00,0.20,0.0000
3331,60,27,92.06,HIGH,1248,2832,1296,2880,48,48,   0,1.00,1.00,0.0000
3332,60,28,84.64,HIGH,1296,2832,1344,2880,48,48,   2,1.00,1.00,0.4442
3333,60,29,89.63,HIGH,1344,2832,1392,2880,48,48,   0,1.00,1.00,0.0000
3334,60,30,90.97,HIGH,1392,2832,1440,2880,48,48,   1,1.00,1.00,0.4140
3335,60,31,15.41,MEDIUM,1440,2832,1488,2880,48,48,   2,1.00,0.20,0.0080
3388,61,28,49.70,MEDIUM,1296,2880,1344,2928,48,48,   1,1.00,0.20,0.0374
3389,61,29,90.28,HIGH,1344,2880,1392,2928,48,48,   5,1.00,1.00,0.5917
3390,61,30,51.09,MEDIUM,1392,2880,1440,2928,48,48,   1,1.00,0.20,0.0505
4114,74,26,56.25,MEDIUM,1200,3504,1248,3552,48,48,   4,1.00,0.20,0.1438
4115,74,27,73.09,MEDIUM,1248,3504,1296,3552,48,48,   1,1.00,0.20,0.0791
4116,74,28,46.40,MEDIUM,1296,3504,1344,3552,48,48,   2,1.00,0.20,0.0717
4169,75,25,48.96,MEDIUM,1152,3552,1200,3600,48,48,   0,1.00,0.20,0.0117
4170,75,26,94.84,HIGH,1200,3552,1248,3600,48,48,  16,1.00,1.00,0.7195
4171,75,27,61.11,MEDIUM,1248,3552,1296,3600,48,48,   4,1.00,0.20,0.1724
4225,76,25,92.01,HIGH,1152,3600,1200,3648,48,48,   1,1.00,1.00,0.2876
4226,76,26,86.63,HIGH,1200,3600,1248,3648,48,48,   1,1.00,1.00,0.3305
4227,76,27,89.02,HIGH,1248,3600,1296,3648,48,48,   0,1.00,1.00,0.2385
4228,76,28,32.03,MEDIUM,1296,3600,1344,3648,48,48,   4,1.00,0.20,0.0599
4280,77,24,47.05,MEDIUM,1104,3648,1152,3696,48,48,   0,1.00,0.20,0.0121
4281,77,25,96.44,HIGH,1152,3648,1200,3696,48,48,  18,1.00,1.00,0.7323
4282,77,26,87.98,HIGH,1200,3648,1248,3696,48,48,   0,1.00,1.00,0.2102
4283,77,27,88.41,HIGH,1248,3648,1296,3696,48,48,   0,1.00,1.00,0.1369
4284,77,28,90.10,HIGH,1296,3648,1344,3696,48,48,   1,1.00,1.00,0.2898
4285,77,29,76.04,MEDIUM,1344,3648,1392,3696,48,48,  37,1.00,0.20,0.5508
4286,77,30,42.71,MEDIUM,1392,3648,1440,3696,48,48,   0,1.00,0.20,0.0000
4287,77,31,22.61,MEDIUM,1440,3648,1488,3696,48,48,  15,1.00,0.20,0.0672
4321,78,9,38.19,MEDIUM,384,3696,432,3744,48,48,   1,1.00,0.20,0.0232
4322,78,10,77.99,MEDIUM,432,3696,480,3744,48,48,   2,1.00,0.20,0.1658
4323,78,11,79.56,MEDIUM,480,3696,528,3744,48,48,   4,1.00,0.20,0.2783
4324,78,12,32.99,MEDIUM,528,3696,576,3744,48,48,   3,1.00,0.20,0.0480
4336,78,24,85.16,HIGH,1104,3696,1152,3744,48,48,   0,1.00,1.00,0.1210
4337,78,25,92.66,HIGH,1152,3696,1200,3744,48,48,   1,1.00,1.00,0.3815
4338,78,26,90.67,HIGH,1200,3696,1248,3744,48,48,   1,1.00,1.00,0.3937
4339,78,27,83.51,HIGH,1248,3696,1296,3744,48,48,   0,1.00,1.00,0.0376
4340,78,28,86.98,HIGH,1296,3696,1344,3744,48,48,   0,1.00,1.00,0.1572
4341,78,29,76.00,MEDIUM,1344,3696,1392,3744,48,48,   0,1.00,0.20,0.0147
4342,78,30,74.44,MEDIUM,1392,3696,1440,3744,48,48,   0,1.00,0.20,0.0390
4343,78,31,73.44,MEDIUM,1440,3696,1488,3744,48,48,  20,1.00,0.20,0.4623
4344,78,32,21.96,MEDIUM,1488,3696,1536,3744,48,48,   0,1.00,0.20,0.0046
4376,79,8,37.59,MEDIUM,336,3744,384,3792,48,48,   2,1.00,0.20,0.0433
4377,79,9,94.92,HIGH,384,3744,432,3792,48,48,  15,1.00,1.00,0.7138
4378,79,10,86.85,HIGH,432,3744,480,3792,48,48,   1,1.00,1.00,0.2765
4379,79,11,40.36,MEDIUM,480,3744,528,3792,48,48,   3,1.00,0.20,0.0751
4391,79,23,22.66,MEDIUM,1056,3744,1104,3792,48,48,   1,1.00,0.20,0.0060
4392,79,24,97.40,HIGH,1104,3744,1152,3792,48,48,   7,1.00,1.00,0.6664
4393,79,25,93.75,HIGH,1152,3744,1200,3792,48,48,   7,1.00,1.00,0.6395
4394,79,26,84.20,HIGH,1200,3744,1248,3792,48,48,   2,1.00,1.00,0.4050
4395,79,27,83.20,HIGH,1248,3744,1296,3792,48,48,   0,1.00,1.00,0.1603
4396,79,28,65.97,MEDIUM,1296,3744,1344,3792,48,48,   1,1.00,0.20,0.0930
4397,79,29,75.78,MEDIUM,1344,3744,1392,3792,48,48,   0,1.00,0.20,0.0146
4398,79,30,60.33,MEDIUM,1392,3744,1440,3792,48,48,   1,1.00,0.20,0.0380
4399,79,31,68.92,MEDIUM,1440,3744,1488,3792,48,48,   1,1.00,0.20,0.0446
4400,79,32,44.70,MEDIUM,1488,3744,1536,3792,48,48,   0,1.00,0.20,0.0052
4402,79,34,19.53,MEDIUM,1584,3744,1632,3792,48,48,   3,1.00,0.20,0.0159
4432,80,8,79.17,MEDIUM,336,3792,384,3840,48,48,  12,1.00,0.20,0.4372
4433,80,9,92.88,HIGH,384,3792,432,3840,48,48,  45,1.00,1.00,0.7673
4434,80,10,84.33,HIGH,432,3792,480,3840,48,48,   0,1.00,1.00,0.1900
4435,80,11,69.88,MEDIUM,480,3792,528,3840,48,48,   5,1.00,0.20,0.2506
4436,80,12,41.28,MEDIUM,528,3792,576,3840,48,48,   3,1.00,0.20,0.0649
4437,80,13,22.18,MEDIUM,576,3792,624,3840,48,48,  72,1.00,0.20,0.1187
4447,80,23,57.73,MEDIUM,1056,3792,1104,3840,48,48,   1,1.00,0.20,0.0660
4448,80,24,97.92,HIGH,1104,3792,1152,3840,48,48,   2,1.00,1.00,0.5158
4449,80,25,92.45,HIGH,1152,3792,1200,3840,48,48,   3,1.00,1.00,0.5428
4450,80,26,86.24,HIGH,1200,3792,1248,3840,48,48,   0,1.00,1.00,0.1388
4451,80,27,81.47,HIGH,1248,3792,1296,3840,48,48,   0,1.00,1.00,0.1085
4452,80,28,77.99,MEDIUM,1296,3792,1344,3840,48,48,   1,1.00,0.20,0.1020
4453,80,29,79.04,MEDIUM,1344,3792,1392,3840,48,48,   2,1.00,0.20,0.1841
4454,80,30,75.04,MEDIUM,1392,3792,1440,3840,48,48,   1,1.00,0.20,0.0660
4455,80,31,66.32,MEDIUM,1440,3792,1488,3840,48,48,   0,1.00,0.20,0.0222
4456,80,32,66.10,MEDIUM,1488,3792,1536,3840,48,48,   5,1.00,0.20,0.2206
4457,80,33,74.09,MEDIUM,1536,3792,1584,3840,48,48,   0,1.00,0.20,0.0139
4458,80,34,28.17,MEDIUM,1584,3792,1632,3840,48,48,   2,1.00,0.20,0.0253
4488,81,8,91.88,HIGH,336,3840,384,3888,48,48,   6,1.00,1.00,0.6240
4489,81,9,93.62,HIGH,384,3840,432,3888,48,48,   7,1.00,1.00,0.6422
4490,81,10,84.94,HIGH,432,3840,480,3888,48,48,   0,1.00,1.00,0.1475
4491,81,11,82.51,HIGH,480,3840,528,3888,48,48,   0,1.00,1.00,0.0000
4492,81,12,77.08,MEDIUM,528,3840,576,3888,48,48,   0,1.00,0.20,0.0018
4493,81,13,42.27,MEDIUM,576,3840,624,3888,48,48,   7,1.00,0.20,0.1335
4503,81,23,85.24,HIGH,1056,3840,1104,3888,48,48,   2,1.00,1.00,0.4423
4504,81,24,95.57,HIGH,1104,3840,1152,3888,48,48,  12,1.00,1.00,0.7027
4505,81,25,88.28,HIGH,1152,3840,1200,3888,48,48,   1,1.00,1.00,0.4101
4506,81,26,86.46,HIGH,1200,3840,1248,3888,48,48,   1,1.00,1.00,0.3191
4507,81,27,79.08,MEDIUM,1248,3840,1296,3888,48,48,   1,1.00,0.20,0.0626
4508,81,28,74.35,MEDIUM,1296,3840,1344,3888,48,48,   0,1.00,0.20,0.0236
4509,81,29,73.35,MEDIUM,1344,3840,1392,3888,48,48,   0,1.00,0.20,0.0194
4510,81,30,77.26,MEDIUM,1392,3840,1440,3888,48,48,   0,1.00,0.20,0.0152
4511,81,31,71.31,MEDIUM,1440,3840,1488,3888,48,48,   1,1.00,0.20,0.0810
4512,81,32,81.03,HIGH,1488,3840,1536,3888,48,48,   0,1.00,1.00,0.0368
4513,81,33,74.48,MEDIUM,1536,3840,1584,3888,48,48,   1,1.00,0.20,0.0974
4514,81,34,58.68,MEDIUM,1584,3840,1632,3888,48,48,   4,1.00,0.20,0.1809
4515,81,35,32.34,MEDIUM,1632,3840,1680,3888,48,48,   1,1.00,0.20,0.0125
4544,82,8,97.14,HIGH,336,3888,384,3936,48,48,  17,1.00,1.00,0.7327
4545,82,9,92.40,HIGH,384,3888,432,3936,48,48,   8,1.00,1.00,0.6519
4546,82,10,87.46,HIGH,432,3888,480,3936,48,48,   1,1.00,1.00,0.2729
4547,82,11,79.34,MEDIUM,480,3888,528,3936,48,48,   1,1.00,0.20,0.0705
4548,82,12,79.30,MEDIUM,528,3888,576,3936,48,48,   0,1.00,0.20,0.0160
4549,82,13,43.14,MEDIUM,576,3888,624,3936,48,48,   1,1.00,0.20,0.0233
4550,82,14,35.55,MEDIUM,624,3888,672,3936,48,48,   3,1.00,0.20,0.0533
4551,82,15,31.60,MEDIUM,672,3888,720,3936,48,48,   8,1.00,0.20,0.0884
4559,82,23,97.96,HIGH,1056,3888,1104,3936,48,48,   2,1.00,1.00,0.5260
4560,82,24,93.71,HIGH,1104,3888,1152,3936,48,48,   0,1.00,1.00,0.0698
4561,82,25,81.99,HIGH,1152,3888,1200,3936,48,48,   1,1.00,1.00,0.3057
4562,82,26,86.24,HIGH,1200,3888,1248,3936,48,48,   0,1.00,1.00,0.0694
4563,82,27,72.35,MEDIUM,1248,3888,1296,3936,48,48,   0,1.00,0.20,0.0271
4564,82,28,73.61,MEDIUM,1296,3888,1344,3936,48,48,   0,1.00,0.20,0.0138
4565,82,29,79.99,MEDIUM,1344,3888,1392,3936,48,48,   0,1.00,0.20,0.0410
4566,82,30,76.52,MEDIUM,1392,3888,1440,3936,48,48,   0,1.00,0.20,0.0000
4567,82,31,62.54,MEDIUM,1440,3888,1488,3936,48,48,   1,1.00,0.20,0.0729
4568,82,32,46.92,MEDIUM,1488,3888,1536,3936,48,48,   1,1.00,0.20,0.0356
4569,82,33,47.18,MEDIUM,1536,3888,1584,3936,48,48,   2,1.00,0.20,0.0589
4570,82,34,38.89,MEDIUM,1584,3888,1632,3936,48,48,  13,1.00,0.20,0.1651
4571,82,35,20.44,MEDIUM,1632,3888,1680,3936,48,48,  17,1.00,0.20,0.0577
4600,83,8,96.57,HIGH,336,3936,384,3984,48,48,   8,1.00,1.00,0.6738
4601,83,9,91.97,HIGH,384,3936,432,3984,48,48,   0,1.00,1.00,0.2207
4602,83,10,84.07,HIGH,432,3936,480,3984,48,48,   0,1.00,1.00,0.0000
4603,83,11,87.93,HIGH,480,3936,528,3984,48,48,   2,1.00,1.00,0.4391
4604,83,12,76.17,MEDIUM,528,3936,576,3984,48,48,   1,1.00,0.20,0.1188
4605,83,13,74.31,MEDIUM,576,3936,624,3984,48,48,   2,1.00,0.20,0.1608
4606,83,14,52.34,MEDIUM,624,3936,672,3984,48,48,   1,1.00,0.20,0.0461
4607,83,15,30.82,MEDIUM,672,3936,720,3984,48,48,   6,1.00,0.20,0.0727
4615,83,23,93.79,HIGH,1056,3936,1104,3984,48,48,   3,1.00,1.00,0.5336
4616,83,24,95.49,HIGH,1104,3936,1152,3984,48,48,   1,1.00,1.00,0.4125
4617,83,25,90.93,HIGH,1152,3936,1200,3984,48,48,   0,1.00,1.00,0.0834
4618,83,26,84.29,HIGH,1200,3936,1248,3984,48,48,   2,1.00,1.00,0.4016
4619,83,27,67.06,MEDIUM,1248,3936,1296,3984,48,48,   2,1.00,0.20,0.1057
4620,83,28,45.53,MEDIUM,1296,3936,1344,3984,48,48,   3,1.00,0.20,0.0794
4621,83,29,38.41,MEDIUM,1344,3936,1392,3984,48,48,   0,1.00,0.20,0.0000
4622,83,30,26.48,MEDIUM,1392,3936,1440,3984,48,48,   0,1.00,0.20,0.0016
4623,83,31,65.41,MEDIUM,1440,3936,1488,3984,48,48,   0,1.00,0.20,0.0178
4656,84,8,97.57,HIGH,336,3984,384,4032,48,48,   3,1.00,1.00,0.5446
4657,84,9,91.41,HIGH,384,3984,432,4032,48,48,   3,1.00,1.00,0.5541
4658,84,10,77.99,MEDIUM,432,3984,480,4032,48,48,   0,1.00,0.20,0.0211
4659,84,11,80.08,HIGH,480,3984,528,4032,48,48,   2,1.00,1.00,0.3944
4660,84,12,78.43,MEDIUM,528,3984,576,4032,48,48,   0,1.00,0.20,0.0000
4661,84,13,72.35,MEDIUM,576,3984,624,4032,48,48,   0,1.00,0.20,0.0089
4662,84,14,39.24,MEDIUM,624,3984,672,4032,48,48,   2,1.00,0.20,0.0509
4663,84,15,44.40,MEDIUM,672,3984,720,4032,48,48,   5,1.00,0.20,0.1170
4671,84,23,53.82,MEDIUM,1056,3984,1104,4032,48,48,   1,1.00,0.20,0.0466
4672,84,24,97.92,HIGH,1104,3984,1152,4032,48,48,   1,1.00,1.00,0.3019
4673,84,25,93.53,HIGH,1152,3984,1200,4032,48,48,   0,1.00,1.00,0.2572
4674,84,26,94.62,HIGH,1200,3984,1248,4032,48,48,   3,1.00,1.00,0.5615
4675,84,27,86.20,HIGH,1248,3984,1296,4032,48,48,   2,1.00,1.00,0.4669
4712,85,8,58.29,MEDIUM,336,4032,384,4080,48,48,   2,1.00,0.20,0.0839
4713,85,9,90.36,HIGH,384,4032,432,4080,48,48,   0,1.00,1.00,0.2463
4714,85,10,77.52,MEDIUM,432,4032,480,4080,48,48,   0,1.00,0.20,0.0041
4715,85,11,80.60,HIGH,480,4032,528,4080,48,48,   0,1.00,1.00,0.0985
4716,85,12,74.09,MEDIUM,528,4032,576,4080,48,48,   1,1.00,0.20,0.1172
4717,85,13,61.11,MEDIUM,576,4032,624,4080,48,48,   1,1.00,0.20,0.0756
4718,85,14,40.02,MEDIUM,624,4032,672,4080,48,48,   0,1.00,0.20,0.0019
4727,85,23,62.98,MEDIUM,1056,4032,1104,4080,48,48,   1,1.00,0.20,0.0911
4728,85,24,97.83,HIGH,1104,4032,1152,4080,48,48,   3,1.00,1.00,0.5794
4729,85,25,98.44,HIGH,1152,4032,1200,4080,48,48,   2,1.00,1.00,0.5214
4730,85,26,94.01,HIGH,1200,4032,1248,4080,48,48,   2,1.00,1.00,0.5041
4731,85,27,71.88,MEDIUM,1248,4032,1296,4080,48,48,   1,1.00,0.20,0.1027
4732,85,28,48.61,MEDIUM,1296,4032,1344,4080,48,48,   0,1.00,0.20,0.0020
4733,85,29,65.36,MEDIUM,1344,4032,1392,4080,48,48,   0,1.00,0.20,0.0016
4734,85,30,54.51,MEDIUM,1392,4032,1440,4080,48,48,   0,1.00,0.20,0.0085
4735,85,31,66.15,MEDIUM,1440,4032,1488,4080,48,48,   0,1.00,0.20,0.0343
4736,85,32,58.68,MEDIUM,1488,4032,1536,4080,48,48,   1,1.00,0.20,0.0669
4737,85,33,57.81,MEDIUM,1536,4032,1584,4080,48,48,  21,1.00,0.20,0.3554
4738,85,34,41.41,MEDIUM,1584,4032,1632,4080,48,48,   5,1.00,0.20,0.1089
4739,85,35,43.62,MEDIUM,1632,4032,1680,4080,48,48,   6,1.00,0.20,0.1282
4768,86,8,52.13,MEDIUM,336,4080,384,4128,48,48,   2,1.00,0.20,0.0992
4769,86,9,92.19,HIGH,384,4080,432,4128,48,48,   1,1.00,1.00,0.3565
4770,86,10,71.83,MEDIUM,432,4080,480,4128,48,48,   1,1.00,0.20,0.0633
4771,86,11,84.85,HIGH,480,4080,528,4128,48,48,   3,1.00,1.00,0.4977
4772,86,12,55.16,MEDIUM,528,4080,576,4128,48,48,   0,1.00,0.20,0.0026
4783,86,23,62.24,MEDIUM,1056,4080,1104,4128,48,48,   2,1.00,0.20,0.1295
4784,86,24,97.01,HIGH,1104,4080,1152,4128,48,48,   2,1.00,1.00,0.4890
4785,86,25,90.80,HIGH,1152,4080,1200,4128,48,48,   2,1.00,1.00,0.4627
4786,86,26,85.89,HIGH,1200,4080,1248,4128,48,48,   0,1.00,1.00,0.0834
4787,86,27,80.64,HIGH,1248,4080,1296,4128,48,48,   1,1.00,1.00,0.3241
4788,86,28,75.78,MEDIUM,1296,4080,1344,4128,48,48,   0,1.00,0.20,0.0039
4789,86,29,75.30,MEDIUM,1344,4080,1392,4128,48,48,   2,1.00,0.20,0.1496
4790,86,30,73.48,MEDIUM,1392,4080,1440,4128,48,48,   0,1.00,0.20,0.0017
4791,86,31,71.18,MEDIUM,1440,4080,1488,4128,48,48,   2,1.00,0.20,0.1453
4792,86,32,61.50,MEDIUM,1488,4080,1536,4128,48,48,   2,1.00,0.20,0.1168
4793,86,33,63.59,MEDIUM,1536,4080,1584,4128,48,48,   1,1.00,0.20,0.0416
4794,86,34,42.40,MEDIUM,1584,4080,1632,4128,48,48,  17,1.00,0.20,0.2089
4795,86,35,58.55,MEDIUM,1632,4080,1680,4128,48,48,   2,1.00,0.20,0.1132
4824,87,8,46.96,MEDIUM,336,4128,384,4176,48,48,   3,1.00,0.20,0.0891
4825,87,9,91.28,HIGH,384,4128,432,4176,48,48,   2,1.00,1.00,0.4617
4826,87,10,83.12,HIGH,432,4128,480,4176,48,48,   3,1.00,1.00,0.4862
4827,87,11,97.14,HIGH,480,4128,528,4176,48,48,   3,1.00,1.00,0.5706
4828,87,12,54.43,MEDIUM,528,4128,576,4176,48,48,   1,1.00,0.20,0.0391
4829,87,13,25.82,MEDIUM,576,4128,624,4176,48,48,   0,1.00,0.20,0.0046
4831,87,15,19.40,MEDIUM,672,4128,720,4176,48,48,   1,1.00,0.20,0.0074
4839,87,23,69.23,MEDIUM,1056,4128,1104,4176,48,48,   2,1.00,0.20,0.1308
4840,87,24,95.62,HIGH,1104,4128,1152,4176,48,48,   1,1.00,1.00,0.4115
4841,87,25,86.59,HIGH,1152,4128,1200,4176,48,48,   1,1.00,1.00,0.2343
4842,87,26,78.12,MEDIUM,1200,4128,1248,4176,48,48,   0,1.00,0.20,0.0242
4843,87,27,88.76,HIGH,1248,4128,1296,4176,48,48,   1,1.00,1.00,0.2516
4844,87,28,71.14,MEDIUM,1296,4128,1344,4176,48,48,   0,1.00,0.20,0.0085
4845,87,29,73.00,MEDIUM,1344,4128,1392,4176,48,48,   0,1.00,0.20,0.0286
4846,87,30,71.57,MEDIUM,1392,4128,1440,4176,48,48,   0,1.00,0.20,0.0455
4847,87,31,70.40,MEDIUM,1440,4128,1488,4176,48,48,   0,1.00,0.20,0.0268
4848,87,32,50.52,MEDIUM,1488,4128,1536,4176,48,48,   4,1.00,0.20,0.1267
4849,87,33,47.61,MEDIUM,1536,4128,1584,4176,48,48,   3,1.00,0.20,0.0912
4850,87,34,51.48,MEDIUM,1584,4128,1632,4176,48,48,   8,1.00,0.20,0.2071
4851,87,35,68.10,MEDIUM,1632,4128,1680,4176,48,48,  14,1.00,0.20,0.3818
4852,87,36,55.25,MEDIUM,1680,4128,1728,4176,48,48,   5,1.00,0.20,0.1831
4880,88,8,35.55,MEDIUM,336,4176,384,4224,48,48,   3,1.00,0.20,0.0559
4881,88,9,97.57,HIGH,384,4176,432,4224,48,48,   4,1.00,1.00,0.5919
4882,88,10,95.05,HIGH,432,4176,480,4224,48,48,   4,1.00,1.00,0.5783
4883,88,11,93.53,HIGH,480,4176,528,4224,48,48,   2,1.00,1.00,0.4921
4884,88,12,45.83,MEDIUM,528,4176,576,4224,48,48,   1,1.00,0.20,0.0298
4885,88,13,61.37,MEDIUM,576,4176,624,4224,48,48,   2,1.00,0.20,0.1098
4886,88,14,45.79,MEDIUM,624,4176,672,4224,48,48,   4,1.00,0.20,0.1051
4888,88,16,30.51,MEDIUM,720,4176,768,4224,48,48,  14,1.00,0.20,0.1115
4889,88,17,34.94,MEDIUM,768,4176,816,4224,48,48,  10,1.00,0.20,0.1165
4890,88,18,26.30,MEDIUM,816,4176,864,4224,48,48,   4,1.00,0.20,0.0390
4895,88,23,57.99,MEDIUM,1056,4176,1104,4224,48,48,   3,1.00,0.20,0.1322
4896,88,24,98.13,HIGH,1104,4176,1152,4224,48,48,   0,1.00,1.00,0.2098
4897,88,25,85.76,HIGH,1152,4176,1200,4224,48,48,   2,1.00,1.00,0.4581
4898,88,26,80.25,HIGH,1200,4176,1248,4224,48,48,   0,1.00,1.00,0.0945
4899,88,27,75.00,MEDIUM,1248,4176,1296,4224,48,48,   0,1.00,0.20,0.0372
4900,88,28,65.93,MEDIUM,1296,4176,1344,4224,48,48,   0,1.00,0.20,0.0021
4901,88,29,72.05,MEDIUM,1344,4176,1392,4224,48,48,   0,1.00,0.20,0.0396
4902,88,30,72.05,MEDIUM,1392,4176,1440,4224,48,48,   0,1.00,0.20,0.0382
4903,88,31,72.74,MEDIUM,1440,4176,1488,4224,48,48,   1,1.00,0.20,0.0825
4904,88,32,67.58,MEDIUM,1488,4176,1536,4224,48,48,   4,1.00,0.20,0.1955
4905,88,33,75.13,MEDIUM,1536,4176,1584,4224,48,48,   8,1.00,0.20,0.3525
4906,88,34,65.62,MEDIUM,1584,4176,1632,4224,48,48,   5,1.00,0.20,0.2229
4907,88,35,26.17,MEDIUM,1632,4176,1680,4224,48,48,   6,1.00,0.20,0.0495
4908,88,36,26.17,MEDIUM,1680,4176,1728,4224,48,48,   5,1.00,0.20,0.0469
4936,89,8,64.71,MEDIUM,336,4224,384,4272,48,48,   5,1.00,0.20,0.2173
4937,89,9,94.53,HIGH,384,4224,432,4272,48,48,   3,1.00,1.00,0.5334
4938,89,10,88.72,HIGH,432,4224,480,4272,48,48,   2,1.00,1.00,0.4725
4939,89,11,79.21,MEDIUM,480,4224,528,4272,48,48,   1,1.00,0.20,0.1156
4940,89,12,70.05,MEDIUM,528,4224,576,4272,48,48,   3,1.00,0.20,0.1729
4941,89,13,72.14,MEDIUM,576,4224,624,4272,48,48,   1,1.00,0.20,0.0882
4942,89,14,71.88,MEDIUM,624,4224,672,4272,48,48,   8,1.00,0.20,0.3383
4943,89,15,60.50,MEDIUM,672,4224,720,4272,48,48,   3,1.00,0.20,0.1561
4944,89,16,67.06,MEDIUM,720,4224,768,4272,48,48,   2,1.00,0.20,0.1128
4945,89,17,38.93,MEDIUM,768,4224,816,4272,48,48,   0,1.00,0.20,0.0100
4951,89,23,36.76,MEDIUM,1056,4224,1104,4272,48,48,   1,1.00,0.20,0.0283
4952,89,24,97.48,HIGH,1104,4224,1152,4272,48,48,   0,1.00,1.00,0.1112
4953,89,25,91.19,HIGH,1152,4224,1200,4272,48,48,   1,1.00,1.00,0.2891
4954,89,26,69.62,MEDIUM,1200,4224,1248,4272,48,48,   0,1.00,0.20,0.0194
4955,89,27,74.35,MEDIUM,1248,4224,1296,4272,48,48,   1,1.00,0.20,0.0545
4956,89,28,71.88,MEDIUM,1296,4224,1344,4272,48,48,   0,1.00,0.20,0.0133
4957,89,29,65.41,MEDIUM,1344,4224,1392,4272,48,48,   0,1.00,0.20,0.0351
4958,89,30,62.11,MEDIUM,1392,4224,1440,4272,48,48,   1,1.00,0.20,0.0485
4959,89,31,63.67,MEDIUM,1440,4224,1488,4272,48,48,   0,1.00,0.20,0.0056
4960,89,32,58.68,MEDIUM,1488,4224,1536,4272,48,48,   3,1.00,0.20,0.1522
4992,90,8,38.89,MEDIUM,336,4272,384,4320,48,48,   2,1.00,0.20,0.0551
4993,90,9,94.66,HIGH,384,4272,432,4320,48,48,   1,1.00,1.00,0.3462
4994,90,10,79.51,MEDIUM,432,4272,480,4320,48,48,   0,1.00,0.20,0.0413
4995,90,11,82.25,HIGH,480,4272,528,4320,48,48,   0,1.00,1.00,0.0000
4996,90,12,77.13,MEDIUM,528,4272,576,4320,48,48,   1,1.00,0.20,0.0851
4997,90,13,76.69,MEDIUM,576,4272,624,4320,48,48,   3,1.00,0.20,0.2156
4998,90,14,72.66,MEDIUM,624,4272,672,4320,48,48,   0,1.00,0.20,0.0000
4999,90,15,70.88,MEDIUM,672,4272,720,4320,48,48,   2,1.00,0.20,0.1597
5000,90,16,75.78,MEDIUM,720,4272,768,4320,48,48,   0,1.00,0.20,0.0404
5001,90,17,24.57,MEDIUM,768,4272,816,4320,48,48,   0,1.00,0.20,0.0016
5007,90,23,49.96,MEDIUM,1056,4272,1104,4320,48,48,   2,1.00,0.20,0.0676
5008,90,24,97.48,HIGH,1104,4272,1152,4320,48,48,   0,1.00,1.00,0.2142
5009,90,25,88.41,HIGH,1152,4272,1200,4320,48,48,   1,1.00,1.00,0.3813
5010,90,26,82.55,HIGH,1200,4272,1248,4320,48,48,   0,1.00,1.00,0.0771
5011,90,27,83.42,HIGH,1248,4272,1296,4320,48,48,   1,1.00,1.00,0.2918
5012,90,28,75.56,MEDIUM,1296,4272,1344,4320,48,48,   1,1.00,0.20,0.1018
5013,90,29,62.67,MEDIUM,1344,4272,1392,4320,48,48,   0,1.00,0.20,0.0171
5014,90,30,62.98,MEDIUM,1392,4272,1440,4320,48,48,   0,1.00,0.20,0.0359
5015,90,31,48.65,MEDIUM,1440,4272,1488,4320,48,48,   4,1.00,0.20,0.1124
5016,90,32,53.86,MEDIUM,1488,4272,1536,4320,48,48,   5,1.00,0.20,0.1589
5049,91,9,96.31,HIGH,384,4320,432,4368,48,48,   2,1.00,1.00,0.4869
5050,91,10,89.54,HIGH,432,4320,480,4368,48,48,   0,1.00,1.00,0.2309
5051,91,11,84.16,HIGH,480,4320,528,4368,48,48,   0,1.00,1.00,0.0000
5052,91,12,81.90,HIGH,528,4320,576,4368,48,48,   0,1.00,1.00,0.0760
5053,91,13,79.56,MEDIUM,576,4320,624,4368,48,48,   0,1.00,0.20,0.0043
5054,91,14,75.13,MEDIUM,624,4320,672,4368,48,48,   0,1.00,0.20,0.0145
5055,91,15,51.74,MEDIUM,672,4320,720,4368,48,48,   0,1.00,0.20,0.0000
5056,91,16,58.03,MEDIUM,720,4320,768,4368,48,48,  11,1.00,0.20,0.2790
5057,91,17,57.77,MEDIUM,768,4320,816,4368,48,48,   0,1.00,0.20,0.0086
5058,91,18,68.27,MEDIUM,816,4320,864,4368,48,48,   5,1.00,0.20,0.2358
5059,91,19,47.96,MEDIUM,864,4320,912,4368,48,48,   7,1.00,0.20,0.1739
5063,91,23,17.93,MEDIUM,1056,4320,1104,4368,48,48,   1,1.00,0.20,0.0052
5064,91,24,93.97,HIGH,1104,4320,1152,4368,48,48,   2,1.00,1.00,0.4999
5065,91,25,87.54,HIGH,1152,4320,1200,4368,48,48,   0,1.00,1.00,0.0000
5066,91,26,77.04,MEDIUM,1200,4320,1248,4368,48,48,   0,1.00,0.20,0.0000
5067,91,27,72.40,MEDIUM,1248,4320,1296,4368,48,48,   0,1.00,0.20,0.0047
5068,91,28,35.46,MEDIUM,1296,4320,1344,4368,48,48,   1,1.00,0.20,0.0210
5069,91,29,42.01,MEDIUM,1344,4320,1392,4368,48,48,   0,1.00,0.20,0.0045
5070,91,30,52.17,MEDIUM,1392,4320,1440,4368,48,48,   0,1.00,0.20,0.0163
5071,91,31,56.68,MEDIUM,1440,4320,1488,4368,48,48,   1,1.00,0.20,0.0338
5072,91,32,48.61,MEDIUM,1488,4320,1536,4368,48,48,   0,1.00,0.20,0.0141
5074,91,34,63.32,MEDIUM,1584,4320,1632,4368,48,48,   8,1.00,0.20,0.2722
5086,91,46,45.79,MEDIUM,2160,4320,2208,4368,48,48,   3,1.00,0.20,0.0948
5087,91,47,21.18,MEDIUM,2208,4320,2256,4368,48,48,   0,1.00,0.20,0.0035
5105,92,9,56.86,MEDIUM,384,4368,432,4416,48,48,   2,1.00,0.20,0.0976
5106,92,10,95.57,HIGH,432,4368,480,4416,48,48,   1,1.00,1.00,0.3731
5107,92,11,88.28,HIGH,480,4368,528,4416,48,48,   0,1.00,1.00,0.1039
5108,92,12,81.21,HIGH,528,4368,576,4416,48,48,   0,1.00,1.00,0.0000
5109,92,13,81.47,HIGH,576,4368,624,4416,48,48,   0,1.00,1.00,0.0000
5110,92,14,50.30,MEDIUM,624,4368,672,4416,48,48,   1,1.00,0.20,0.0318
5111,92,15,52.26,MEDIUM,672,4368,720,4416,48,48,   0,1.00,0.20,0.0070
5112,92,16,65.36,MEDIUM,720,4368,768,4416,48,48,   0,1.00,0.20,0.0384
5113,92,17,76.39,MEDIUM,768,4368,816,4416,48,48,   0,1.00,0.20,0.0148
5114,92,18,83.68,HIGH,816,4368,864,4416,48,48,   1,1.00,1.00,0.2421
5115,92,19,65.71,MEDIUM,864,4368,912,4416,48,48,   8,1.00,0.20,0.2951
5116,92,20,28.82,MEDIUM,912,4368,960,4416,48,48,  66,1.00,0.20,0.1809
5119,92,23,44.14,MEDIUM,1056,4368,1104,4416,48,48,   1,1.00,0.20,0.0298
5120,92,24,97.05,HIGH,1104,4368,1152,4416,48,48,   1,1.00,1.00,0.3241
5121,92,25,86.07,HIGH,1152,4368,1200,4416,48,48,   2,1.00,1.00,0.4415
5122,92,26,80.25,HIGH,1200,4368,1248,4416,48,48,   1,1.00,1.00,0.2559
5123,92,27,49.13,MEDIUM,1248,4368,1296,4416,48,48,   0,1.00,0.20,0.0180
5124,92,28,28.17,MEDIUM,1296,4368,1344,4416,48,48,   0,1.00,0.20,0.0000
5125,92,29,58.16,MEDIUM,1344,4368,1392,4416,48,48,   1,1.00,0.20,0.0331
5126,92,30,66.36,MEDIUM,1392,4368,1440,4416,48,48,   0,1.00,0.20,0.0301
5127,92,31,64.89,MEDIUM,1440,4368,1488,4416,48,48,   0,1.00,0.20,0.0144
5128,92,32,53.95,MEDIUM,1488,4368,1536,4416,48,48,  38,1.00,0.20,0.3858
5141,92,45,83.64,HIGH,2112,4368,2160,4416,48,48,   3,1.00,1.00,0.4815
5142,92,46,97.83,HIGH,2160,4368,2208,4416,48,48,   1,1.00,1.00,0.3463
5143,92,47,84.51,HIGH,2208,4368,2256,4416,48,48,   4,1.00,1.00,0.5187
5144,92,48,88.50,HIGH,2256,4368,2304,4416,48,48,   7,1.00,1.00,0.6197
5145,92,49,36.63,MEDIUM,2304,4368,2352,4416,48,48,  76,1.00,0.20,0.2720
5162,93,10,92.01,HIGH,432,4416,480,4464,48,48,   2,1.00,1.00,0.4779
5163,93,11,87.46,HIGH,480,4416,528,4464,48,48,   1,1.00,1.00,0.3886
5164,93,12,82.12,HIGH,528,4416,576,4464,48,48,   0,1.00,1.00,0.1573
5165,93,13,87.93,HIGH,576,4416,624,4464,48,48,   2,1.00,1.00,0.4608
5166,93,14,69.44,MEDIUM,624,4416,672,4464,48,48,   2,1.00,0.20,0.1406
5167,93,15,64.63,MEDIUM,672,4416,720,4464,48,48,   1,1.00,0.20,0.0671
5168,93,16,72.09,MEDIUM,720,4416,768,4464,48,48,   0,1.00,0.20,0.0000
5169,93,17,58.85,MEDIUM,768,4416,816,4464,48,48,   0,1.00,0.20,0.0041
5170,93,18,76.61,MEDIUM,816,4416,864,4464,48,48,   0,1.00,0.20,0.0000
5171,93,19,61.07,MEDIUM,864,4416,912,4464,48,48,   1,1.00,0.20,0.0869
5172,93,20,31.90,MEDIUM,912,4416,960,4464,48,48,   4,1.00,0.20,0.0538
5175,93,23,39.67,MEDIUM,1056,4416,1104,4464,48,48,   2,1.00,0.20,0.0437
5176,93,24,95.53,HIGH,1104,4416,1152,4464,48,48,   2,1.00,1.00,0.4938
5177,93,25,98.39,HIGH,1152,4416,1200,4464,48,48,   2,1.00,1.00,0.5203
5178,93,26,99.09,HIGH,1200,4416,1248,4464,48,48,   2,1.00,1.00,0.5118
5179,93,27,72.57,MEDIUM,1248,4416,1296,4464,48,48,   0,1.00,0.20,0.0332
5180,93,28,57.03,MEDIUM,1296,4416,1344,4464,48,48,   0,1.00,0.20,0.0000
5181,93,29,69.66,MEDIUM,1344,4416,1392,4464,48,48,   2,1.00,0.20,0.1301
5182,93,30,72.27,MEDIUM,1392,4416,1440,4464,48,48,   0,1.00,0.20,0.0443
5183,93,31,69.31,MEDIUM,1440,4416,1488,4464,48,48,   0,1.00,0.20,0.0122
5184,93,32,34.51,MEDIUM,1488,4416,1536,4464,48,48,   4,1.00,0.20,0.0690
5196,93,44,60.55,MEDIUM,2064,4416,2112,4464,48,48,   1,1.00,0.20,0.0551
5197,93,45,91.10,HIGH,2112,4416,2160,4464,48,48,   8,1.00,1.00,0.6404
5198,93,46,83.90,HIGH,2160,4416,2208,4464,48,48,   4,1.00,1.00,0.5282
5199,93,47,54.90,MEDIUM,2208,4416,2256,4464,48,48,   6,1.00,0.20,0.1858
5200,93,48,72.01,MEDIUM,2256,4416,2304,4464,48,48,   1,1.00,0.20,0.0895
5201,93,49,53.65,MEDIUM,2304,4416,2352,4464,48,48,  92,1.00,0.20,0.4606
5218,94,10,59.20,MEDIUM,432,4464,480,4512,48,48,   2,1.00,0.20,0.1127
5219,94,11,92.06,HIGH,480,4464,528,4512,48,48,   3,1.00,1.00,0.5366
5220,94,12,91.41,HIGH,528,4464,576,4512,48,48,   2,1.00,1.00,0.4923
5221,94,13,96.74,HIGH,576,4464,624,4512,48,48,   2,1.00,1.00,0.5101
5222,94,14,83.20,HIGH,624,4464,672,4512,48,48,   2,1.00,1.00,0.4269
5223,94,15,71.14,MEDIUM,672,4464,720,4512,48,48,   0,1.00,0.20,0.0000
5224,94,16,73.57,MEDIUM,720,4464,768,4512,48,48,   2,1.00,0.20,0.1400
5225,94,17,71.44,MEDIUM,768,4464,816,4512,48,48,   1,1.00,0.20,0.0808
5226,94,18,72.92,MEDIUM,816,4464,864,4512,48,48,   0,1.00,0.20,0.0135
5227,94,19,62.72,MEDIUM,864,4464,912,4512,48,48,   1,1.00,0.20,0.0615
5231,94,23,51.61,MEDIUM,1056,4464,1104,4512,48,48,   1,1.00,0.20,0.0550
5232,94,24,92.97,HIGH,1104,4464,1152,4512,48,48,   1,1.00,1.00,0.4317
5233,94,25,94.92,HIGH,1152,4464,1200,4512,48,48,   2,1.00,1.00,0.5175
5234,94,26,89.63,HIGH,1200,4464,1248,4512,48,48,   2,1.00,1.00,0.4663
5235,94,27,70.18,MEDIUM,1248,4464,1296,4512,48,48,   0,1.00,0.20,0.0378
5236,94,28,75.26,MEDIUM,1296,4464,1344,4512,48,48,   0,1.00,0.20,0.0000
5237,94,29,66.02,MEDIUM,1344,4464,1392,4512,48,48,   0,1.00,0.20,0.0042
5238,94,30,68.79,MEDIUM,1392,4464,1440,4512,48,48,   1,1.00,0.20,0.1003
5239,94,31,71.27,MEDIUM,1440,4464,1488,4512,48,48,   0,1.00,0.20,0.0179
5240,94,32,33.20,MEDIUM,1488,4464,1536,4512,48,48,   3,1.00,0.20,0.0465
5242,94,34,23.09,MEDIUM,1584,4464,1632,4512,48,48,   0,1.00,0.20,0.0020
5252,94,44,35.68,MEDIUM,2064,4464,2112,4512,48,48,   2,1.00,0.20,0.0463
5253,94,45,73.83,MEDIUM,2112,4464,2160,4512,48,48,   9,1.00,0.20,0.3554
5254,94,46,72.66,MEDIUM,2160,4464,2208,4512,48,48,   1,1.00,0.20,0.1093
5256,94,48,43.75,MEDIUM,2256,4464,2304,4512,48,48,   8,1.00,0.20,0.1535
5257,94,49,66.36,MEDIUM,2304,4464,2352,4512,48,48,  14,1.00,0.20,0.3705
5274,95,10,48.05,MEDIUM,432,4512,480,4560,48,48,   3,1.00,0.20,0.0908
5275,95,11,96.35,HIGH,480,4512,528,4560,48,48,  13,1.00,1.00,0.7118
5276,95,12,95.66,HIGH,528,4512,576,4560,48,48,   5,1.00,1.00,0.6144
5277,95,13,94.57,HIGH,576,4512,624,4560,48,48,   3,1.00,1.00,0.5601
5278,95,14,87.93,HIGH,624,4512,672,4560,48,48,   3,1.00,1.00,0.5162
5279,95,15,77.00,MEDIUM,672,4512,720,4560,48,48,   2,1.00,0.20,0.1866
5280,95,16,71.44,MEDIUM,720,4512,768,4560,48,48,   1,1.00,0.20,0.0798
5281,95,17,42.49,MEDIUM,768,4512,816,4560,48,48,   2,1.00,0.20,0.0475
5282,95,18,67.58,MEDIUM,816,4512,864,4560,48,48,   0,1.00,0.20,0.0031
5283,95,19,73.05,MEDIUM,864,4512,912,4560,48,48,   0,1.00,0.20,0.0382
5284,95,20,51.95,MEDIUM,912,4512,960,4560,48,48,   1,1.00,0.20,0.0579
5285,95,21,17.36,MEDIUM,960,4512,1008,4560,48,48,  18,1.00,0.20,0.0444
5287,95,23,46.61,MEDIUM,1056,4512,1104,4560,48,48,   2,1.00,0.20,0.0571
5288,95,24,96.66,HIGH,1104,4512,1152,4560,48,48,   0,1.00,1.00,0.2408
5289,95,25,90.97,HIGH,1152,4512,1200,4560,48,48,   0,1.00,1.00,0.0271
5290,95,26,81.99,HIGH,1200,4512,1248,4560,48,48,   0,1.00,1.00,0.0852
5291,95,27,76.65,MEDIUM,1248,4512,1296,4560,48,48,   1,1.00,0.20,0.0589
5292,95,28,67.80,MEDIUM,1296,4512,1344,4560,48,48,   1,1.00,0.20,0.0574
5293,95,29,76.48,MEDIUM,1344,4512,1392,4560,48,48,   0,1.00,0.20,0.0148
5294,95,30,75.09,MEDIUM,1392,4512,1440,4560,48,48,   0,1.00,0.20,0.0102
5295,95,31,65.06,MEDIUM,1440,4512,1488,4560,48,48,   1,1.00,0.20,0.0760
5296,95,32,66.36,MEDIUM,1488,4512,1536,4560,48,48,   1,1.00,0.20,0.0487
5297,95,33,51.52,MEDIUM,1536,4512,1584,4560,48,48,  10,1.00,0.20,0.2221
5308,95,44,25.04,MEDIUM,2064,4512,2112,4560,48,48,   2,1.00,0.20,0.0216
5309,95,45,62.02,MEDIUM,2112,4512,2160,4560,48,48,   3,1.00,0.20,0.1596
5310,95,46,99.18,HIGH,2160,4512,2208,4560,48,48,   2,1.00,1.00,0.5098
5311,95,47,80.03,HIGH,2208,4512,2256,4560,48,48,   5,1.00,1.00,0.5390
5312,95,48,93.36,HIGH,2256,4512,2304,4560,48,48,   8,1.00,1.00,0.6560
5313,95,49,78.91,MEDIUM,2304,4512,2352,4560,48,48,   1,1.00,0.20,0.0985
5314,95,50,38.98,MEDIUM,2352,4512,2400,4560,48,48,   2,1.00,0.20,0.0426
5330,96,10,69.01,MEDIUM,432,4560,480,4608,48,48,   3,1.00,0.20,0.1679
5331,96,11,97.31,HIGH,480,4560,528,4608,48,48,   5,1.00,1.00,0.6372
5332,96,12,90.32,HIGH,528,4560,576,4608,48,48,   2,1.00,1.00,0.5029
5333,96,13,96.57,HIGH,576,4560,624,4608,48,48,   2,1.00,1.00,0.5091
5334,96,14,84.72,HIGH,624,4560,672,4608,48,48,   2,1.00,1.00,0.4454
5335,96,15,86.37,HIGH,672,4560,720,4608,48,48,   3,1.00,1.00,0.4922
5336,96,16,57.99,MEDIUM,720,4560,768,4608,48,48,   1,1.00,0.20,0.0581
5337,96,17,43.40,MEDIUM,768,4560,816,4608,48,48,   1,1.00,0.20,0.0186
5338,96,18,67.23,MEDIUM,816,4560,864,4608,48,48,   2,1.00,0.20,0.1293
5339,96,19,70.96,MEDIUM,864,4560,912,4608,48,48,   0,1.00,0.20,0.0128
5340,96,20,75.78,MEDIUM,912,4560,960,4608,48,48,   2,1.00,0.20,0.1761
5341,96,21,53.69,MEDIUM,960,4560,1008,4608,48,48,   4,1.00,0.20,0.1436
5344,96,24,98.05,HIGH,1104,4560,1152,4608,48,48,   4,1.00,1.00,0.5996
5345,96,25,93.45,HIGH,1152,4560,1200,4608,48,48,   1,1.00,1.00,0.2943
5346,96,26,89.50,HIGH,1200,4560,1248,4608,48,48,   1,1.00,1.00,0.2522
5347,96,27,81.51,HIGH,1248,4560,1296,4608,48,48,   0,1.00,1.00,0.0000
5348,96,28,67.66,MEDIUM,1296,4560,1344,4608,48,48,   0,1.00,0.20,0.0201
5349,96,29,66.49,MEDIUM,1344,4560,1392,4608,48,48,   0,1.00,0.20,0.0043
5350,96,30,69.97,MEDIUM,1392,4560,1440,4608,48,48,   1,1.00,0.20,0.0766
5351,96,31,58.90,MEDIUM,1440,4560,1488,4608,48,48,   8,1.00,0.20,0.2457
5352,96,32,59.81,MEDIUM,1488,4560,1536,4608,48,48,   1,1.00,0.20,0.0837
5363,96,43,38.59,MEDIUM,2016,4560,2064,4608,48,48,   1,1.00,0.20,0.0345
5364,96,44,93.14,HIGH,2064,4560,2112,4608,48,48,   1,1.00,1.00,0.4420
5365,96,45,94.66,HIGH,2112,4560,2160,4608,48,48,   0,1.00,1.00,0.1960
5366,96,46,99.05,HIGH,2160,4560,2208,4608,48,48,   1,1.00,1.00,0.3336
5367,96,47,89.89,HIGH,2208,4560,2256,4608,48,48,   4,1.00,1.00,0.5771
5368,96,48,79.04,MEDIUM,2256,4560,2304,4608,48,48,   5,1.00,0.20,0.3070
5386,97,10,59.11,MEDIUM,432,4608,480,4656,48,48,   1,1.00,0.20,0.0714
5387,97,11,97.22,HIGH,480,4608,528,4656,48,48,   2,1.00,1.00,0.5199
5388,97,12,94.36,HIGH,528,4608,576,4656,48,48,   1,1.00,1.00,0.4195
5389,97,13,91.19,HIGH,576,4608,624,4656,48,48,   0,1.00,1.00,0.0218
5390,97,14,84.68,HIGH,624,4608,672,4656,48,48,   0,1.00,1.00,0.0000
5391,97,15,79.77,MEDIUM,672,4608,720,4656,48,48,   0,1.00,0.20,0.0364
5392,97,16,83.16,HIGH,720,4608,768,4656,48,48,   0,1.00,1.00,0.1761
5393,97,17,63.41,MEDIUM,768,4608,816,4656,48,48,   1,1.00,0.20,0.0444
5394,97,18,82.20,HIGH,816,4608,864,4656,48,48,   2,1.00,1.00,0.4034
5395,97,19,65.89,MEDIUM,864,4608,912,4656,48,48,   1,1.00,0.20,0.0845
5396,97,20,80.08,HIGH,912,4608,960,4656,48,48,   0,1.00,1.00,0.0138
5397,97,21,39.67,MEDIUM,960,4608,1008,4656,48,48,   2,1.00,0.20,0.0571
5399,97,23,29.30,MEDIUM,1056,4608,1104,4656,48,48,   0,1.00,0.20,0.0056
5400,97,24,98.61,HIGH,1104,4608,1152,4656,48,48,   3,1.00,1.00,0.5757
5401,97,25,93.79,HIGH,1152,4608,1200,4656,48,48,   0,1.00,1.00,0.0000
5402,97,26,90.71,HIGH,1200,4608,1248,4656,48,48,   0,1.00,1.00,0.0000
5403,97,27,79.12,MEDIUM,1248,4608,1296,4656,48,48,   0,1.00,0.20,0.0120
5404,97,28,76.69,MEDIUM,1296,4608,1344,4656,48,48,   1,1.00,0.20,0.1090
5405,97,29,71.22,MEDIUM,1344,4608,1392,4656,48,48,   3,1.00,0.20,0.1734
5406,97,30,57.07,MEDIUM,1392,4608,1440,4656,48,48,   0,1.00,0.20,0.0130
5407,97,31,57.51,MEDIUM,1440,4608,1488,4656,48,48,   0,1.00,0.20,0.0085
5408,97,32,22.57,MEDIUM,1488,4608,1536,4656,48,48,   0,1.00,0.20,0.0038
5419,97,43,58.51,MEDIUM,2016,4608,2064,4656,48,48,   0,1.00,0.20,0.0141
5420,97,44,94.01,HIGH,2064,4608,2112,4656,48,48,   1,1.00,1.00,0.4076
5421,97,45,98.48,HIGH,2112,4608,2160,4656,48,48,   1,1.00,1.00,0.3378
5422,97,46,89.58,HIGH,2160,4608,2208,4656,48,48,   3,1.00,1.00,0.5121
5423,97,47,92.84,HIGH,2208,4608,2256,4656,48,48,   4,1.00,1.00,0.5767
5424,97,48,84.51,HIGH,2256,4608,2304,4656,48,48,   5,1.00,1.00,0.5590
5425,97,49,67.88,MEDIUM,2304,4608,2352,4656,48,48,   3,1.00,0.20,0.1960
5443,98,11,57.07,MEDIUM,480,4656,528,4704,48,48,   4,1.00,0.20,0.1541
5444,98,12,96.35,HIGH,528,4656,576,4704,48,48,  16,1.00,1.00,0.7252
5445,98,13,86.72,HIGH,576,4656,624,4704,48,48,   0,1.00,1.00,0.0964
5446,98,14,86.72,HIGH,624,4656,672,4704,48,48,   4,1.00,1.00,0.5480
5447,98,15,77.47,MEDIUM,672,4656,720,4704,48,48,   0,1.00,0.20,0.0041
5448,98,16,72.31,MEDIUM,720,4656,768,4704,48,48,   1,1.00,0.20,0.0643
5449,98,17,84.98,HIGH,768,4656,816,4704,48,48,   2,1.00,1.00,0.4717
5450,98,18,75.48,MEDIUM,816,4656,864,4704,48,48,   1,1.00,0.20,0.1283
5451,98,19,71.22,MEDIUM,864,4656,912,4704,48,48,   0,1.00,0.20,0.0000
5452,98,20,78.39,MEDIUM,912,4656,960,4704,48,48,   0,1.00,0.20,0.0191
5453,98,21,53.91,MEDIUM,960,4656,1008,4704,48,48,   3,1.00,0.20,0.1329
5456,98,24,94.53,HIGH,1104,4656,1152,4704,48,48,   2,1.00,1.00,0.5019
5457,98,25,92.45,HIGH,1152,4656,1200,4704,48,48,   2,1.00,1.00,0.4631
5458,98,26,90.54,HIGH,1200,4656,1248,4704,48,48,   1,1.00,1.00,0.3432
5459,98,27,85.89,HIGH,1248,4656,1296,4704,48,48,   2,1.00,1.00,0.4176
5460,98,28,80.56,HIGH,1296,4656,1344,4704,48,48,   2,1.00,1.00,0.4026
5461,98,29,76.30,MEDIUM,1344,4656,1392,4704,48,48,   3,1.00,0.20,0.1983
5462,98,30,55.38,MEDIUM,1392,4656,1440,4704,48,48,   2,1.00,0.20,0.0819
5475,98,43,85.59,HIGH,2016,4656,2064,4704,48,48,   1,1.00,1.00,0.3103
5476,98,44,98.96,HIGH,2064,4656,2112,4704,48,48,   0,1.00,1.00,0.1702
5477,98,45,94.23,HIGH,2112,4656,2160,4704,48,48,   0,1.00,1.00,0.0000
5478,98,46,94.40,HIGH,2160,4656,2208,4704,48,48,   2,1.00,1.00,0.4696
5479,98,47,95.01,HIGH,2208,4656,2256,4704,48,48,   1,1.00,1.00,0.2823
5480,98,48,93.27,HIGH,2256,4656,2304,4704,48,48,   0,1.00,1.00,0.0000
5481,98,49,79.99,MEDIUM,2304,4656,2352,4704,48,48,   0,1.00,0.20,0.0301
5500,99,12,95.53,HIGH,528,4704,576,4752,48,48,   8,1.00,1.00,0.6678
5501,99,13,86.02,HIGH,576,4704,624,4752,48,48,   2,1.00,1.00,0.4223
5502,99,14,87.46,HIGH,624,4704,672,4752,48,48,   3,1.00,1.00,0.4918
5503,99,15,86.81,HIGH,672,4704,720,4752,48,48,   0,1.00,1.00,0.0000
5504,99,16,79.30,MEDIUM,720,4704,768,4752,48,48,   0,1.00,0.20,0.0385
5505,99,17,80.82,HIGH,768,4704,816,4752,48,48,   0,1.00,1.00,0.2071
5506,99,18,83.81,HIGH,816,4704,864,4752,48,48,   0,1.00,1.00,0.0793
5507,99,19,81.03,HIGH,864,4704,912,4752,48,48,   0,1.00,1.00,0.0000
5508,99,20,75.82,MEDIUM,912,4704,960,4752,48,48,   0,1.00,0.20,0.0000
5509,99,21,46.09,MEDIUM,960,4704,1008,4752,48,48,   3,1.00,0.20,0.0840
5512,99,24,74.57,MEDIUM,1104,4704,1152,4752,48,48,   2,1.00,0.20,0.1497
5513,99,25,93.66,HIGH,1152,4704,1200,4752,48,48,   2,1.00,1.00,0.4874
5514,99,26,87.54,HIGH,1200,4704,1248,4752,48,48,   1,1.00,1.00,0.4079
5515,99,27,91.06,HIGH,1248,4704,1296,4752,48,48,   2,1.00,1.00,0.4599
5516,99,28,86.98,HIGH,1296,4704,1344,4752,48,48,   2,1.00,1.00,0.4848
5517,99,29,62.93,MEDIUM,1344,4704,1392,4752,48,48,   2,1.00,0.20,0.1287
5518,99,30,18.19,MEDIUM,1392,4704,1440,4752,48,48,   2,1.00,0.20,0.0092
5519,99,31,25.43,MEDIUM,1440,4704,1488,4752,48,48,   0,1.00,0.20,0.0008
5520,99,32,35.46,MEDIUM,1488,4704,1536,4752,48,48,   2,1.00,0.20,0.0403
5521,99,33,28.95,MEDIUM,1536,4704,1584,4752,48,48,   1,1.00,0.20,0.0199
5530,99,42,21.66,MEDIUM,1968,4704,2016,4752,48,48,   1,1.00,0.20,0.0073
5531,99,43,94.66,HIGH,2016,4704,2064,4752,48,48,   1,1.00,1.00,0.4412
5532,99,44,86.98,HIGH,2064,4704,2112,4752,48,48,   0,1.00,1.00,0.2226
5533,99,45,93.19,HIGH,2112,4704,2160,4752,48,48,   1,1.00,1.00,0.3479
5534,99,46,90.97,HIGH,2160,4704,2208,4752,48,48,   2,1.00,1.00,0.4654
5535,99,47,95.83,HIGH,2208,4704,2256,4752,48,48,   0,1.00,1.00,0.0000
5536,99,48,93.62,HIGH,2256,4704,2304,4752,48,48,   6,1.00,1.00,0.6232
5537,99,49,65.89,MEDIUM,2304,4704,2352,4752,48,48,  31,1.00,0.20,0.4628
5556,100,12,61.33,MEDIUM,528,4752,576,4800,48,48,   4,1.00,0.20,0.1861
5557,100,13,90.41,HIGH,576,4752,624,4800,48,48,   7,1.00,1.00,0.6227
5558,100,14,92.49,HIGH,624,4752,672,4800,48,48,   3,1.00,1.00,0.5249
5559,100,15,94.10,HIGH,672,4752,720,4800,48,48,   0,1.00,1.00,0.0000
5560,100,16,86.46,HIGH,720,4752,768,4800,48,48,   0,1.00,1.00,0.0065
5561,100,17,85.46,HIGH,768,4752,816,4800,48,48,   0,1.00,1.00,0.0000
5562,100,18,84.46,HIGH,816,4752,864,4800,48,48,   0,1.00,1.00,0.0000
5563,100,19,84.24,HIGH,864,4752,912,4800,48,48,   0,1.00,1.00,0.0000
5564,100,20,75.26,MEDIUM,912,4752,960,4800,48,48,   5,1.00,0.20,0.2893
5568,100,24,32.73,MEDIUM,1104,4752,1152,4800,48,48,   0,1.00,0.20,0.0007
5569,100,25,94.10,HIGH,1152,4752,1200,4800,48,48,   4,1.00,1.00,0.5752
5570,100,26,94.01,HIGH,1200,4752,1248,4800,48,48,   0,1.00,1.00,0.1081
5571,100,27,88.54,HIGH,1248,4752,1296,4800,48,48,   1,1.00,1.00,0.2898
5572,100,28,83.42,HIGH,1296,4752,1344,4800,48,48,   2,1.00,1.00,0.4155
5573,100,29,71.44,MEDIUM,1344,4752,1392,4800,48,48,   2,1.00,0.20,0.1402
5574,100,30,69.01,MEDIUM,1392,4752,1440,4800,48,48,   2,1.00,0.20,0.1563
5575,100,31,75.65,MEDIUM,1440,4752,1488,4800,48,48,   0,1.00,0.20,0.0145
5576,100,32,59.03,MEDIUM,1488,4752,1536,4800,48,48,   1,1.00,0.20,0.0837
5586,100,42,41.97,MEDIUM,1968,4752,2016,4800,48,48,   0,1.00,0.20,0.0032
5587,100,43,92.97,HIGH,2016,4752,2064,4800,48,48,   1,1.00,1.00,0.2738
5588,100,44,80.82,HIGH,2064,4752,2112,4800,48,48,   0,1.00,1.00,0.1781
5589,100,45,96.92,HIGH,2112,4752,2160,4800,48,48,   0,1.00,1.00,0.0000
5590,100,46,85.03,HIGH,2160,4752,2208,4800,48,48,   1,1.00,1.00,0.2798
5591,100,47,83.77,HIGH,2208,4752,2256,4800,48,48,   3,1.00,1.00,0.4911
5592,100,48,89.41,HIGH,2256,4752,2304,4800,48,48,   3,1.00,1.00,0.5370
5593,100,49,58.20,MEDIUM,2304,4752,2352,4800,48,48,  10,1.00,0.20,0.2747
5594,100,50,73.44,MEDIUM,2352,4752,2400,4800,48,48,  22,1.00,0.20,0.4758
5595,100,51,39.84,MEDIUM,2400,4752,2448,4800,48,48,   9,1.00,0.20,0.1402
5613,101,13,95.27,HIGH,576,4800,624,4848,48,48,   4,1.00,1.00,0.5865
5614,101,14,93.32,HIGH,624,4800,672,4848,48,48,  10,1.00,1.00,0.6730
5615,101,15,91.19,HIGH,672,4800,720,4848,48,48,   0,1.00,1.00,0.0000
5616,101,16,82.51,HIGH,720,4800,768,4848,48,48,   0,1.00,1.00,0.0747
5617,101,17,90.71,HIGH,768,4800,816,4848,48,48,   0,1.00,1.00,0.0000
5618,101,18,89.24,HIGH,816,4800,864,4848,48,48,   0,1.00,1.00,0.1270
5619,101,19,91.62,HIGH,864,4800,912,4848,48,48,   0,1.00,1.00,0.0000
5620,101,20,27.99,MEDIUM,912,4800,960,4848,48,48,   1,1.00,0.20,0.0161
5625,101,25,97.48,HIGH,1152,4800,1200,4848,48,48,   1,1.00,1.00,0.3200
5626,101,26,93.06,HIGH,1200,4800,1248,4848,48,48,   0,1.00,1.00,0.1885
5627,101,27,95.01,HIGH,1248,4800,1296,4848,48,48,   3,1.00,1.00,0.5607
5628,101,28,97.35,HIGH,1296,4800,1344,4848,48,48,   2,1.00,1.00,0.5398
5629,101,29,90.45,HIGH,1344,4800,1392,4848,48,48,   2,1.00,1.00,0.5052
5630,101,30,77.30,MEDIUM,1392,4800,1440,4848,48,48,   4,1.00,0.20,0.2513
5631,101,31,66.84,MEDIUM,1440,4800,1488,4848,48,48,   0,1.00,0.20,0.0030
5632,101,32,64.50,MEDIUM,1488,4800,1536,4848,48,48,   1,1.00,0.20,0.0704
5642,101,42,57.34,MEDIUM,1968,4800,2016,4848,48,48,   1,1.00,0.20,0.0347
5643,101,43,96.44,HIGH,2016,4800,2064,4848,48,48,   8,1.00,1.00,0.6710
5644,101,44,92.97,HIGH,2064,4800,2112,4848,48,48,   1,1.00,1.00,0.4007
5645,101,45,96.31,HIGH,2112,4800,2160,4848,48,48,   0,1.00,1.00,0.0000
5646,101,46,91.67,HIGH,2160,4800,2208,4848,48,48,   1,1.00,1.00,0.3610
5647,101,47,93.36,HIGH,2208,4800,2256,4848,48,48,   3,1.00,1.00,0.5405
5648,101,48,93.40,HIGH,2256,4800,2304,4848,48,48,   0,1.00,1.00,0.0000
5649,101,49,92.23,HIGH,2304,4800,2352,4848,48,48,   1,1.00,1.00,0.3608
5650,101,50,77.47,MEDIUM,2352,4800,2400,4848,48,48,   4,1.00,0.20,0.2681
5651,101,51,22.57,MEDIUM,2400,4800,2448,4848,48,48,   4,1.00,0.20,0.0294
5669,102,13,45.27,MEDIUM,576,4848,624,4896,48,48,   2,1.00,0.20,0.0615
5670,102,14,94.36,HIGH,624,4848,672,4896,48,48,   3,1.00,1.00,0.5407
5671,102,15,96.14,HIGH,672,4848,720,4896,48,48,   0,1.00,1.00,0.2149
5672,102,16,89.93,HIGH,720,4848,768,4896,48,48,   0,1.00,1.00,0.2169
5673,102,17,91.28,HIGH,768,4848,816,4896,48,48,   0,1.00,1.00,0.0000
5674,102,18,87.20,HIGH,816,4848,864,4896,48,48,   6,1.00,1.00,0.5961
5675,102,19,45.79,MEDIUM,864,4848,912,4896,48,48,  16,1.00,0.20,0.2300
5681,102,25,88.45,HIGH,1152,4848,1200,4896,48,48,   1,1.00,1.00,0.3100
5682,102,26,91.23,HIGH,1200,4848,1248,4896,48,48,   1,1.00,1.00,0.3725
5683,102,27,93.92,HIGH,1248,4848,1296,4896,48,48,   3,1.00,1.00,0.5556
5684,102,28,95.92,HIGH,1296,4848,1344,4896,48,48,   3,1.00,1.00,0.5514
5685,102,29,84.72,HIGH,1344,4848,1392,4896,48,48,   3,1.00,1.00,0.5062
5686,102,30,82.29,HIGH,1392,4848,1440,4896,48,48,   0,1.00,1.00,0.0990
5687,102,31,69.62,MEDIUM,1440,4848,1488,4896,48,48,   0,1.00,0.20,0.0088
5688,102,32,21.74,MEDIUM,1488,4848,1536,4896,48,48,   7,1.00,0.20,0.0398
5699,102,43,20.23,MEDIUM,2016,4848,2064,4896,48,48,   0,1.00,0.20,0.0000
5700,102,44,51.69,MEDIUM,2064,4848,2112,4896,48,48,   0,1.00,0.20,0.0000
5701,102,45,87.15,HIGH,2112,4848,2160,4896,48,48,   0,1.00,1.00,0.0000
5702,102,46,78.73,MEDIUM,2160,4848,2208,4896,48,48,   0,1.00,0.20,0.0200
5703,102,47,60.81,MEDIUM,2208,4848,2256,4896,48,48,   3,1.00,0.20,0.1358
5704,102,48,61.59,MEDIUM,2256,4848,2304,4896,48,48,   0,1.00,0.20,0.0243
5705,102,49,25.74,MEDIUM,2304,4848,2352,4896,48,48,   0,1.00,0.20,0.0043
5727,103,15,19.44,MEDIUM,672,4896,720,4944,48,48,   0,1.00,0.20,0.0009
5728,103,16,35.16,MEDIUM,720,4896,768,4944,48,48,   1,1.00,0.20,0.0208
5729,103,17,20.23,MEDIUM,768,4896,816,4944,48,48,   0,1.00,0.20,0.0003
5737,103,25,25.43,MEDIUM,1152,4896,1200,4944,48,48,   1,1.00,0.20,0.0117
5738,103,26,69.44,MEDIUM,1200,4896,1248,4944,48,48,   1,1.00,0.20,0.0978
5739,103,27,88.98,HIGH,1248,4896,1296,4944,48,48,   0,1.00,1.00,0.0000
5740,103,28,91.23,HIGH,1296,4896,1344,4944,48,48,   0,1.00,1.00,0.0000
5741,103,29,85.33,HIGH,1344,4896,1392,4944,48,48,   0,1.00,1.00,0.1405
5742,103,30,79.47,MEDIUM,1392,4896,1440,4944,48,48,   0,1.00,0.20,0.0417
5743,103,31,33.33,MEDIUM,1440,4896,1488,4944,48,48,   0,1.00,0.20,0.0047
5796,104,28,43.79,MEDIUM,1296,4944,1344,4992,48,48,   3,1.00,0.20,0.0879
5797,104,29,52.21,MEDIUM,1344,4944,1392,4992,48,48,   0,1.00,0.20,0.0000
5906,106,26,24.52,MEDIUM,1200,5040,1248,5088,48,48,   0,1.00,0.20,0.0041
5907,106,27,82.12,HIGH,1248,5040,1296,5088,48,48,   1,1.00,1.00,0.3703
5908,106,28,53.21,MEDIUM,1296,5040,1344,5088,48,48,   0,1.00,0.20,0.0130
5909,106,29,53.08,MEDIUM,1344,5040,1392,5088,48,48,   0,1.00,0.20,0.0034
5910,106,30,67.19,MEDIUM,1392,5040,1440,5088,48,48,   1,1.00,0.20,0.0727
5911,106,31,38.15,MEDIUM,1440,5040,1488,5088,48,48,  13,1.00,0.20,0.1569
5962,107,26,94.36,HIGH,1200,5088,1248,5136,48,48,   3,1.00,1.00,0.5521
5963,107,27,92.49,HIGH,1248,5088,1296,5136,48,48,   6,1.00,1.00,0.6177
5964,107,28,86.68,HIGH,1296,5088,1344,5136,48,48,   1,1.00,1.00,0.2633
5965,107,29,88.54,HIGH,1344,5088,1392,5136,48,48,   0,1.00,1.00,0.0877
5966,107,30,77.43,MEDIUM,1392,5088,1440,5136,48,48,   0,1.00,0.20,0.0041
5967,107,31,79.77,MEDIUM,1440,5088,1488,5136,48,48,   0,1.00,0.20,0.0000
5968,107,32,37.28,MEDIUM,1488,5088,1536,5136,48,48,   1,1.00,0.20,0.0196
6017,108,25,44.84,MEDIUM,1152,5136,1200,5184,48,48,   1,1.00,0.20,0.0394
6018,108,26,96.79,HIGH,1200,5136,1248,5184,48,48,   1,1.00,1.00,0.3499
6019,108,27,92.97,HIGH,1248,5136,1296,5184,48,48,   0,1.00,1.00,0.1307
6020,108,28,87.20,HIGH,1296,5136,1344,5184,48,48,   0,1.00,1.00,0.0000
6021,108,29,77.13,MEDIUM,1344,5136,1392,5184,48,48,   0,1.00,0.20,0.0000
6022,108,30,72.53,MEDIUM,1392,5136,1440,5184,48,48,   1,1.00,0.20,0.0770
6023,108,31,76.17,MEDIUM,1440,5136,1488,5184,48,48,   1,1.00,0.20,0.1104
6024,108,32,70.96,MEDIUM,1488,5136,1536,5184,48,48,   4,1.00,0.20,0.2229
6025,108,33,27.47,MEDIUM,1536,5136,1584,5184,48,48,   1,1.00,0.20,0.0107
6073,109,25,65.10,MEDIUM,1152,5184,1200,5232,48,48,   1,1.00,0.20,0.0705
6074,109,26,95.31,HIGH,1200,5184,1248,5232,48,48,   8,1.00,1.00,0.6659
6075,109,27,95.36,HIGH,1248,5184,1296,5232,48,48,   1,1.00,1.00,0.4322
6076,109,28,90.89,HIGH,1296,5184,1344,5232,48,48,   0,1.00,1.00,0.2413
6077,109,29,80.95,HIGH,1344,5184,1392,5232,48,48,   1,1.00,1.00,0.2254
6078,109,30,84.98,HIGH,1392,5184,1440,5232,48,48,   1,1.00,1.00,0.3326
6079,109,31,77.30,MEDIUM,1440,5184,1488,5232,48,48,   0,1.00,0.20,0.0435
6080,109,32,63.45,MEDIUM,1488,5184,1536,5232,48,48,   0,1.00,0.20,0.0097
6081,109,33,56.90,MEDIUM,1536,5184,1584,5232,48,48,   1,1.00,0.20,0.0615
6082,109,34,30.56,MEDIUM,1584,5184,1632,5232,48,48,   3,1.00,0.20,0.0413
6098,109,50,25.22,MEDIUM,2352,5184,2400,5232,48,48,   0,1.00,0.20,0.0000
6128,110,24,31.38,MEDIUM,1104,5232,1152,5280,48,48,   1,1.00,0.20,0.0106
6129,110,25,98.52,HIGH,1152,5232,1200,5280,48,48,   7,1.00,1.00,0.6656
6130,110,26,97.05,HIGH,1200,5232,1248,5280,48,48,  10,1.00,1.00,0.6948
6131,110,27,92.58,HIGH,1248,5232,1296,5280,48,48,   1,1.00,1.00,0.4100
6132,110,28,88.11,HIGH,1296,5232,1344,5280,48,48,   0,1.00,1.00,0.0387
6133,110,29,81.21,HIGH,1344,5232,1392,5280,48,48,   1,1.00,1.00,0.3529
6134,110,30,72.05,MEDIUM,1392,5232,1440,5280,48,48,   0,1.00,0.20,0.0116
6135,110,31,77.13,MEDIUM,1440,5232,1488,5280,48,48,   0,1.00,0.20,0.0095
6136,110,32,53.60,MEDIUM,1488,5232,1536,5280,48,48,   0,1.00,0.20,0.0000
6138,110,34,65.54,MEDIUM,1584,5232,1632,5280,48,48,   0,1.00,0.20,0.0220
6154,110,50,66.71,MEDIUM,2352,5232,2400,5280,48,48,   1,1.00,0.20,0.1013
6184,111,24,43.45,MEDIUM,1104,5280,1152,5328,48,48,   1,1.00,0.20,0.0311
6185,111,25,97.92,HIGH,1152,5280,1200,5328,48,48,   2,1.00,1.00,0.4922
6186,111,26,88.15,HIGH,1200,5280,1248,5328,48,48,   1,1.00,1.00,0.2500
6187,111,27,82.64,HIGH,1248,5280,1296,5328,48,48,   0,1.00,1.00,0.0773
6188,111,28,80.95,HIGH,1296,5280,1344,5328,48,48,   1,1.00,1.00,0.3450
6189,111,29,71.88,MEDIUM,1344,5280,1392,5328,48,48,   9,1.00,0.20,0.3391
6190,111,30,66.10,MEDIUM,1392,5280,1440,5328,48,48,   0,1.00,0.20,0.0030
6191,111,31,62.85,MEDIUM,1440,5280,1488,5328,48,48,   2,1.00,0.20,0.0997
6192,111,32,65.28,MEDIUM,1488,5280,1536,5328,48,48,   1,1.00,0.20,0.0545
6193,111,33,24.91,MEDIUM,1536,5280,1584,5328,48,48,   2,1.00,0.20,0.0219
6194,111,34,66.36,MEDIUM,1584,5280,1632,5328,48,48,   2,1.00,0.20,0.1183
6195,111,35,27.86,MEDIUM,1632,5280,1680,5328,48,48,   3,1.00,0.20,0.0382
6209,111,49,25.22,MEDIUM,2304,5280,2352,5328,48,48,   3,1.00,0.20,0.0285
6210,111,50,23.35,MEDIUM,2352,5280,2400,5328,48,48,   1,1.00,0.20,0.0056
6240,112,24,63.98,MEDIUM,1104,5328,1152,5376,48,48,   5,1.00,0.20,0.2237
6241,112,25,91.88,HIGH,1152,5328,1200,5376,48,48,   7,1.00,1.00,0.6419
6242,112,26,84.59,HIGH,1200,5328,1248,5376,48,48,   0,1.00,1.00,0.1561
6243,112,27,80.69,HIGH,1248,5328,1296,5376,48,48,   0,1.00,1.00,0.0000
6244,112,28,67.80,MEDIUM,1296,5328,1344,5376,48,48,   0,1.00,0.20,0.0414
6245,112,29,45.31,MEDIUM,1344,5328,1392,5376,48,48,   1,1.00,0.20,0.0350
6246,112,30,60.72,MEDIUM,1392,5328,1440,5376,48,48,   2,1.00,0.20,0.0959
6247,112,31,63.11,MEDIUM,1440,5328,1488,5376,48,48,   0,1.00,0.20,0.0027
6248,112,32,66.28,MEDIUM,1488,5328,1536,5376,48,48,   1,1.00,0.20,0.0780
6249,112,33,63.32,MEDIUM,1536,5328,1584,5376,48,48,   2,1.00,0.20,0.1029
6250,112,34,58.85,MEDIUM,1584,5328,1632,5376,48,48,   5,1.00,0.20,0.1999
6251,112,35,36.63,MEDIUM,1632,5328,1680,5376,48,48,   2,1.00,0.20,0.0422
6265,112,49,29.43,MEDIUM,2304,5328,2352,5376,48,48,   8,1.00,0.20,0.0753
6296,113,24,59.81,MEDIUM,1104,5376,1152,5424,48,48,   2,1.00,0.20,0.0988
6297,113,25,93.27,HIGH,1152,5376,1200,5424,48,48,   1,1.00,1.00,0.3169
6298,113,26,89.93,HIGH,1200,5376,1248,5424,48,48,   0,1.00,1.00,0.1845
6299,113,27,79.82,MEDIUM,1248,5376,1296,5424,48,48,   0,1.00,0.20,0.0000
6300,113,28,70.23,MEDIUM,1296,5376,1344,5424,48,48,   1,1.00,0.20,0.0830
6301,113,29,72.61,MEDIUM,1344,5376,1392,5424,48,48,   0,1.00,0.20,0.0000
6302,113,30,64.58,MEDIUM,1392,5376,1440,5424,48,48,   1,1.00,0.20,0.0519
6303,113,31,55.25,MEDIUM,1440,5376,1488,5424,48,48,   0,1.00,0.20,0.0000
6304,113,32,31.03,MEDIUM,1488,5376,1536,5424,48,48,   1,1.00,0.20,0.0208
6305,113,33,54.82,MEDIUM,1536,5376,1584,5424,48,48,   0,1.00,0.20,0.0230
6306,113,34,23.83,MEDIUM,1584,5376,1632,5424,48,48,   3,1.00,0.20,0.0265
6312,113,40,77.78,MEDIUM,1872,5376,1920,5424,48,48,   2,1.00,0.20,0.1608
6313,113,41,67.01,MEDIUM,1920,5376,1968,5424,48,48,   5,1.00,0.20,0.2290
6314,113,42,58.85,MEDIUM,1968,5376,2016,5424,48,48,   3,1.00,0.20,0.1315
6315,113,43,54.69,MEDIUM,2016,5376,2064,5424,48,48,   3,1.00,0.20,0.1268
6316,113,44,46.70,MEDIUM,2064,5376,2112,5424,48,48,   3,1.00,0.20,0.0830
6317,113,45,29.95,MEDIUM,2112,5376,2160,5424,48,48,   0,1.00,0.20,0.0000
6319,113,47,39.24,MEDIUM,2208,5376,2256,5424,48,48,   0,1.00,0.20,0.0024
6320,113,48,40.67,MEDIUM,2256,5376,2304,5424,48,48,   2,1.00,0.20,0.0585
6321,113,49,47.31,MEDIUM,2304,5376,2352,5424,48,48,   1,1.00,0.20,0.0400
6322,113,50,26.87,MEDIUM,2352,5376,2400,5424,48,48,  16,1.00,0.20,0.0928
6352,114,24,86.55,HIGH,1104,5424,1152,5472,48,48,   4,1.00,1.00,0.5387
6353,114,25,94.53,HIGH,1152,5424,1200,5472,48,48,   3,1.00,1.00,0.5633
6354,114,26,77.91,MEDIUM,1200,5424,1248,5472,48,48,   1,1.00,0.20,0.0904
6355,114,27,83.07,HIGH,1248,5424,1296,5472,48,48,   0,1.00,1.00,0.1874
6356,114,28,76.87,MEDIUM,1296,5424,1344,5472,48,48,   0,1.00,0.20,0.0150
6357,114,29,72.35,MEDIUM,1344,5424,1392,5472,48,48,   0,1.00,0.20,0.0431
6358,114,30,59.94,MEDIUM,1392,5424,1440,5472,48,48,   0,1.00,0.20,0.0016
6359,114,31,59.03,MEDIUM,1440,5424,1488,5472,48,48,   0,1.00,0.20,0.0076
6360,114,32,60.42,MEDIUM,1488,5424,1536,5472,48,48,   1,1.00,0.20,0.0782
6361,114,33,70.66,MEDIUM,1536,5424,1584,5472,48,48,   0,1.00,0.20,0.0004
6362,114,34,71.09,MEDIUM,1584,5424,1632,5472,48,48,   0,1.00,0.20,0.0049
6363,114,35,42.19,MEDIUM,1632,5424,1680,5472,48,48,   7,1.00,0.20,0.1316
6368,114,40,91.28,HIGH,1872,5424,1920,5472,48,48,   1,1.00,1.00,0.4112
6369,114,41,93.01,HIGH,1920,5424,1968,5472,48,48,   1,1.00,1.00,0.4266
6370,114,42,87.07,HIGH,1968,5424,2016,5472,48,48,   0,1.00,1.00,0.0422
6371,114,43,83.12,HIGH,2016,5424,2064,5472,48,48,   0,1.00,1.00,0.1180
6372,114,44,72.14,MEDIUM,2064,5424,2112,5472,48,48,   0,1.00,0.20,0.0111
6373,114,45,58.94,MEDIUM,2112,5424,2160,5472,48,48,   0,1.00,0.20,0.0303
6374,114,46,54.17,MEDIUM,2160,5424,2208,5472,48,48,   1,1.00,0.20,0.0673
6375,114,47,71.27,MEDIUM,2208,5424,2256,5472,48,48,   1,1.00,0.20,0.0768
6376,114,48,82.03,HIGH,2256,5424,2304,5472,48,48,   1,1.00,1.00,0.3407
6377,114,49,79.82,MEDIUM,2304,5424,2352,5472,48,48,   2,1.00,0.20,0.1981
6378,114,50,79.64,MEDIUM,2352,5424,2400,5472,48,48,  13,1.00,0.20,0.4457
6408,115,24,97.09,HIGH,1104,5472,1152,5520,48,48,   6,1.00,1.00,0.6491
6409,115,25,90.02,HIGH,1152,5472,1200,5520,48,48,   1,1.00,1.00,0.3747
6410,115,26,80.99,HIGH,1200,5472,1248,5520,48,48,   2,1.00,1.00,0.3841
6411,115,27,73.26,MEDIUM,1248,5472,1296,5520,48,48,   3,1.00,0.20,0.1964
6412,115,28,80.03,HIGH,1296,5472,1344,5520,48,48,   1,1.00,1.00,0.2128
6413,115,29,68.79,MEDIUM,1344,5472,1392,5520,48,48,   1,1.00,0.20,0.0784
6414,115,30,60.68,MEDIUM,1392,5472,1440,5520,48,48,   0,1.00,0.20,0.0039
6415,115,31,60.68,MEDIUM,1440,5472,1488,5520,48,48,   0,1.00,0.20,0.0067
6416,115,32,41.45,MEDIUM,1488,5472,1536,5520,48,48,   1,1.00,0.20,0.0310
6417,115,33,31.55,MEDIUM,1536,5472,1584,5520,48,48,   0,1.00,0.20,0.0000
6424,115,40,68.84,MEDIUM,1872,5472,1920,5520,48,48,   3,1.00,0.20,0.1888
6425,115,41,91.23,HIGH,1920,5472,1968,5520,48,48,   0,1.00,1.00,0.1609
6426,115,42,80.99,HIGH,1968,5472,2016,5520,48,48,   0,1.00,1.00,0.1486
6427,115,43,82.51,HIGH,2016,5472,2064,5520,48,48,   0,1.00,1.00,0.1731
6428,115,44,80.03,HIGH,2064,5472,2112,5520,48,48,   0,1.00,1.00,0.1760
6429,115,45,72.87,MEDIUM,2112,5472,2160,5520,48,48,   0,1.00,0.20,0.0135
6430,115,46,73.13,MEDIUM,2160,5472,2208,5520,48,48,   0,1.00,0.20,0.0105
6431,115,47,71.35,MEDIUM,2208,5472,2256,5520,48,48,   0,1.00,0.20,0.0069
6432,115,48,78.43,MEDIUM,2256,5472,2304,5520,48,48,   0,1.00,0.20,0.0173
6433,115,49,85.68,HIGH,2304,5472,2352,5520,48,48,   4,1.00,1.00,0.5390
6434,115,50,78.04,MEDIUM,2352,5472,2400,5520,48,48,   3,1.00,0.20,0.2279
6435,115,51,21.09,MEDIUM,2400,5472,2448,5520,48,48,   0,1.00,0.20,0.0040
6464,116,24,95.40,HIGH,1104,5520,1152,5568,48,48,  19,1.00,1.00,0.7311
6465,116,25,91.36,HIGH,1152,5520,1200,5568,48,48,   2,1.00,1.00,0.4655
6466,116,26,77.56,MEDIUM,1200,5520,1248,5568,48,48,   1,1.00,0.20,0.0776
6467,116,27,74.00,MEDIUM,1248,5520,1296,5568,48,48,   0,1.00,0.20,0.0348
6468,116,28,80.60,HIGH,1296,5520,1344,5568,48,48,   1,1.00,1.00,0.3472
6469,116,29,64.80,MEDIUM,1344,5520,1392,5568,48,48,   0,1.00,0.20,0.0088
6470,116,30,34.24,MEDIUM,1392,5520,1440,5568,48,48,   0,1.00,0.20,0.0000
6480,116,40,55.12,MEDIUM,1872,5520,1920,5568,48,48,   0,1.00,0.20,0.0123
6481,116,41,88.59,HIGH,1920,5520,1968,5568,48,48,   1,1.00,1.00,0.4096
6482,116,42,86.50,HIGH,1968,5520,2016,5568,48,48,   1,1.00,1.00,0.2656
6483,116,43,81.34,HIGH,2016,5520,2064,5568,48,48,   0,1.00,1.00,0.1980
6484,116,44,66.88,MEDIUM,2064,5520,2112,5568,48,48,   1,1.00,0.20,0.0472
6485,116,45,36.20,MEDIUM,2112,5520,2160,5568,48,48,   0,1.00,0.20,0.0013
6486,116,46,48.52,MEDIUM,2160,5520,2208,5568,48,48,   2,1.00,0.20,0.0864
6487,116,47,67.88,MEDIUM,2208,5520,2256,5568,48,48,   0,1.00,0.20,0.0335
6488,116,48,76.17,MEDIUM,2256,5520,2304,5568,48,48,   8,1.00,0.20,0.3589
6489,116,49,83.12,HIGH,2304,5520,2352,5568,48,48,   3,1.00,1.00,0.4664
6490,116,50,38.93,MEDIUM,2352,5520,2400,5568,48,48,   1,1.00,0.20,0.0170
6520,117,24,76.56,MEDIUM,1104,5568,1152,5616,48,48,   4,1.00,0.20,0.2489
6521,117,25,94.79,HIGH,1152,5568,1200,5616,48,48,   1,1.00,1.00,0.3843
6522,117,26,77.60,MEDIUM,1200,5568,1248,5616,48,48,   1,1.00,0.20,0.0949
6523,117,27,74.65,MEDIUM,1248,5568,1296,5616,48,48,   1,1.00,0.20,0.0605
6524,117,28,73.57,MEDIUM,1296,5568,1344,5616,48,48,   2,1.00,0.20,0.1289
6525,117,29,60.42,MEDIUM,1344,5568,1392,5616,48,48,   0,1.00,0.20,0.0004
6536,117,40,37.46,MEDIUM,1872,5568,1920,5616,48,48,   1,1.00,0.20,0.0245
6537,117,41,93.14,HIGH,1920,5568,1968,5616,48,48,   3,1.00,1.00,0.5397
6538,117,42,91.80,HIGH,1968,5568,2016,5616,48,48,   3,1.00,1.00,0.5142
6539,117,43,96.40,HIGH,2016,5568,2064,5616,48,48,   2,1.00,1.00,0.5063
6540,117,44,58.12,MEDIUM,2064,5568,2112,5616,48,48,   1,1.00,0.20,0.0640
6542,117,46,38.45,MEDIUM,2160,5568,2208,5616,48,48,   0,1.00,0.20,0.0022
6543,117,47,65.45,MEDIUM,2208,5568,2256,5616,48,48,  25,1.00,0.20,0.4358
6544,117,48,64.32,MEDIUM,2256,5568,2304,5616,48,48,  15,1.00,0.20,0.3666
6545,117,49,69.79,MEDIUM,2304,5568,2352,5616,48,48,   4,1.00,0.20,0.2280
6546,117,50,53.12,MEDIUM,2352,5568,2400,5616,48,48,   3,1.00,0.20,0.1215
6576,118,24,58.38,MEDIUM,1104,5616,1152,5664,48,48,   1,1.00,0.20,0.0755
6577,118,25,88.37,HIGH,1152,5616,1200,5664,48,48,   1,1.00,1.00,0.3338
6578,118,26,84.29,HIGH,1200,5616,1248,5664,48,48,   0,1.00,1.00,0.0397
6579,118,27,82.16,HIGH,1248,5616,1296,5664,48,48,   0,1.00,1.00,0.0000
6580,118,28,51.22,MEDIUM,1296,5616,1344,5664,48,48,   1,1.00,0.20,0.0394
6581,118,29,70.57,MEDIUM,1344,5616,1392,5664,48,48,   0,1.00,0.20,0.0034
6582,118,30,53.39,MEDIUM,1392,5616,1440,5664,48,48,   1,1.00,0.20,0.0317
6583,118,31,16.15,MEDIUM,1440,5616,1488,5664,48,48,   0,1.00,0.20,0.0000
6584,118,32,54.21,MEDIUM,1488,5616,1536,5664,48,48,   0,1.00,0.20,0.0160
6585,118,33,51.13,MEDIUM,1536,5616,1584,5664,48,48,   1,1.00,0.20,0.0620
6586,118,34,49.09,MEDIUM,1584,5616,1632,5664,48,48,   0,1.00,0.20,0.0133
6587,118,35,46.18,MEDIUM,1632,5616,1680,5664,48,48,   1,1.00,0.20,0.0299
6593,118,41,89.11,HIGH,1920,5616,1968,5664,48,48,   3,1.00,1.00,0.5337
6594,118,42,94.57,HIGH,1968,5616,2016,5664,48,48,   3,1.00,1.00,0.5448
6595,118,43,97.83,HIGH,2016,5616,2064,5664,48,48,   2,1.00,1.00,0.5278
6596,118,44,90.76,HIGH,2064,5616,2112,5664,48,48,   2,1.00,1.00,0.4495
6597,118,45,60.46,MEDIUM,2112,5616,2160,5664,48,48,   1,1.00,0.20,0.0587
6598,118,46,68.19,MEDIUM,2160,5616,2208,5664,48,48,   0,1.00,0.20,0.0089
6599,118,47,76.95,MEDIUM,2208,5616,2256,5664,48,48,   0,1.00,0.20,0.0503
6600,118,48,61.89,MEDIUM,2256,5616,2304,5664,48,48,   3,1.00,0.20,0.1597
6601,118,49,39.45,MEDIUM,2304,5616,2352,5664,48,48,   7,1.00,0.20,0.1184
6602,118,50,52.99,MEDIUM,2352,5616,2400,5664,48,48,  10,1.00,0.20,0.2357
6632,119,24,56.94,MEDIUM,1104,5664,1152,5712,48,48,   1,1.00,0.20,0.0357
6633,119,25,92.84,HIGH,1152,5664,1200,5712,48,48,   2,1.00,1.00,0.4928
6634,119,26,82.60,HIGH,1200,5664,1248,5712,48,48,   0,1.00,1.00,0.0772
6635,119,27,72.61,MEDIUM,1248,5664,1296,5712,48,48,   0,1.00,0.20,0.0095
6636,119,28,73.70,MEDIUM,1296,5664,1344,5712,48,48,   1,1.00,0.20,0.0640
6637,119,29,69.14,MEDIUM,1344,5664,1392,5712,48,48,   1,1.00,0.20,0.0532
6638,119,30,62.15,MEDIUM,1392,5664,1440,5712,48,48,   0,1.00,0.20,0.0099
6639,119,31,73.26,MEDIUM,1440,5664,1488,5712,48,48,   1,1.00,0.20,0.0927
6640,119,32,73.00,MEDIUM,1488,5664,1536,5712,48,48,   0,1.00,0.20,0.0210
6641,119,33,72.35,MEDIUM,1536,5664,1584,5712,48,48,   0,1.00,0.20,0.0000
6642,119,34,59.11,MEDIUM,1584,5664,1632,5712,48,48,   4,1.00,0.20,0.1605
6643,119,35,67.58,MEDIUM,1632,5664,1680,5712,48,48,   0,1.00,0.20,0.0238
6644,119,36,22.79,MEDIUM,1680,5664,1728,5712,48,48,   0,1.00,0.20,0.0021
6649,119,41,82.99,HIGH,1920,5664,1968,5712,48,48,   1,1.00,1.00,0.3715
6650,119,42,93.75,HIGH,1968,5664,2016,5712,48,48,   7,1.00,1.00,0.6476
6651,119,43,95.31,HIGH,2016,5664,2064,5712,48,48,   3,1.00,1.00,0.5531
6652,119,44,89.80,HIGH,2064,5664,2112,5712,48,48,   2,1.00,1.00,0.4464
6653,119,45,77.43,MEDIUM,2112,5664,2160,5712,48,48,   0,1.00,0.20,0.0385
6654,119,46,75.43,MEDIUM,2160,5664,2208,5712,48,48,   0,1.00,0.20,0.0000
6655,119,47,73.39,MEDIUM,2208,5664,2256,5712,48,48,   1,1.00,0.20,0.0628
6656,119,48,60.42,MEDIUM,2256,5664,2304,5712,48,48,   4,1.00,0.20,0.1823
6657,119,49,54.43,MEDIUM,2304,5664,2352,5712,48,48,   1,1.00,0.20,0.0626
6688,120,24,77.43,MEDIUM,1104,5712,1152,5760,48,48,   3,1.00,0.20,0.2234
6689,120,25,90.02,HIGH,1152,5712,1200,5760,48,48,   1,1.00,1.00,0.4164
6690,120,26,79.56,MEDIUM,1200,5712,1248,5760,48,48,   0,1.00,0.20,0.0098
6691,120,27,72.48,MEDIUM,1248,5712,1296,5760,48,48,   0,1.00,0.20,0.0000
6692,120,28,73.44,MEDIUM,1296,5712,1344,5760,48,48,   1,1.00,0.20,0.0792
6693,120,29,68.79,MEDIUM,1344,5712,1392,5760,48,48,   0,1.00,0.20,0.0139
6694,120,30,67.58,MEDIUM,1392,5712,1440,5760,48,48,   0,1.00,0.20,0.0134
6695,120,31,69.84,MEDIUM,1440,5712,1488,5760,48,48,   0,1.00,0.20,0.0124
6696,120,32,66.49,MEDIUM,1488,5712,1536,5760,48,48,   0,1.00,0.20,0.0113
6697,120,33,68.92,MEDIUM,1536,5712,1584,5760,48,48,   0,1.00,0.20,0.0000
6698,120,34,57.25,MEDIUM,1584,5712,1632,5760,48,48,   2,1.00,0.20,0.0893
6699,120,35,35.94,MEDIUM,1632,5712,1680,5760,48,48,   2,1.00,0.20,0.0461
6705,120,41,70.36,MEDIUM,1920,5712,1968,5760,48,48,   1,1.00,0.20,0.1146
6706,120,42,92.97,HIGH,1968,5712,2016,5760,48,48,   2,1.00,1.00,0.4777
6707,120,43,95.14,HIGH,2016,5712,2064,5760,48,48,   1,1.00,1.00,0.2959
6708,120,44,85.72,HIGH,2064,5712,2112,5760,48,48,   0,1.00,1.00,0.0826
6709,120,45,89.15,HIGH,2112,5712,2160,5760,48,48,   0,1.00,1.00,0.0000
6710,120,46,84.03,HIGH,2160,5712,2208,5760,48,48,   0,1.00,1.00,0.0000
6711,120,47,69.66,MEDIUM,2208,5712,2256,5760,48,48,   2,1.00,0.20,0.1503
6744,121,24,95.83,HIGH,1104,5760,1152,5808,48,48,   1,1.00,1.00,0.4189
6745,121,25,89.11,HIGH,1152,5760,1200,5808,48,48,   1,1.00,1.00,0.3215
6746,121,26,81.38,HIGH,1200,5760,1248,5808,48,48,   0,1.00,1.00,0.0751
6747,121,27,73.09,MEDIUM,1248,5760,1296,5808,48,48,   0,1.00,0.20,0.0255
6748,121,28,79.60,MEDIUM,1296,5760,1344,5808,48,48,   0,1.00,0.20,0.0316
6749,121,29,67.84,MEDIUM,1344,5760,1392,5808,48,48,   0,1.00,0.20,0.0357
6750,121,30,63.89,MEDIUM,1392,5760,1440,5808,48,48,   0,1.00,0.20,0.0000
6751,121,31,66.36,MEDIUM,1440,5760,1488,5808,48,48,   0,1.00,0.20,0.0000
6752,121,32,61.11,MEDIUM,1488,5760,1536,5808,48,48,   2,1.00,0.20,0.1266
6753,121,33,36.24,MEDIUM,1536,5760,1584,5808,48,48,   1,1.00,0.20,0.0192
6761,121,41,25.56,MEDIUM,1920,5760,1968,5808,48,48,   2,1.00,0.20,0.0187
6762,121,42,94.75,HIGH,1968,5760,2016,5808,48,48,   1,1.00,1.00,0.3968
6763,121,43,99.22,HIGH,2016,5760,2064,5808,48,48,   1,1.00,1.00,0.4027
6764,121,44,97.05,HIGH,2064,5760,2112,5808,48,48,   0,1.00,1.00,0.0106
6765,121,45,87.85,HIGH,2112,5760,2160,5808,48,48,   0,1.00,1.00,0.2323
6766,121,46,84.07,HIGH,2160,5760,2208,5808,48,48,   1,1.00,1.00,0.3634
6767,121,47,71.35,MEDIUM,2208,5760,2256,5808,48,48,   8,1.00,0.20,0.3302
6800,122,24,40.15,MEDIUM,1104,5808,1152,5856,48,48,   1,1.00,0.20,0.0167
6801,122,25,96.31,HIGH,1152,5808,1200,5856,48,48,   0,1.00,1.00,0.0448
6802,122,26,94.53,HIGH,1200,5808,1248,5856,48,48,   0,1.00,1.00,0.0614
6803,122,27,87.98,HIGH,1248,5808,1296,5856,48,48,   0,1.00,1.00,0.0000
6804,122,28,90.76,HIGH,1296,5808,1344,5856,48,48,   1,1.00,1.00,0.3858
6805,122,29,68.10,MEDIUM,1344,5808,1392,5856,48,48,   0,1.00,0.20,0.0000
6806,122,30,83.20,HIGH,1392,5808,1440,5856,48,48,   0,1.00,1.00,0.2048
6807,122,31,36.63,MEDIUM,1440,5808,1488,5856,48,48,   0,1.00,0.20,0.0020
6819,122,43,88.72,HIGH,2016,5808,2064,5856,48,48,   2,1.00,1.00,0.4569
6820,122,44,92.10,HIGH,2064,5808,2112,5856,48,48,   0,1.00,1.00,0.1580
6821,122,45,96.92,HIGH,2112,5808,2160,5856,48,48,   0,1.00,1.00,0.0693
6822,122,46,92.93,HIGH,2160,5808,2208,5856,48,48,   0,1.00,1.00,0.1277
6823,122,47,24.35,MEDIUM,2208,5808,2256,5856,48,48,   1,1.00,0.20,0.0152
