Slide tile_summary.slide_name Tile Summary:
Original Dimensions: 2944x3232
Original Tile Size: 48x48
Scale Factor: 1/1x
Scaled Dimensions: 2944x3232
Scaled Tile Size: 48x48
Total Mask: 62.94%, Total Tissue: 37.06%
Tiles: 62x68 = 4216
  1241 (29.44%) tiles >=80% tissue
   704 (16.70%) tiles >=10% and <80% tissue
     0 ( 0.00%) tiles >0% and <10% tissue
     0 ( 0.00%) tiles =0% tissue


Tile Num,Row,Column,Tissue %,Tissue Quantity,Col Start,Row Start,Col End,Row End,Col Size,Row Size,Color Factor,S and V Factor,Quantity Factor,Score
68,2,6,44.62,MEDIUM,240,48,288,96,48,48,   3,1.00,0.20,0.0783
69,2,7,52.78,MEDIUM,288,48,336,96,48,48,   1,1.00,0.20,0.0308
70,2,8,43.88,MEDIUM,336,48,384,96,48,48,   0,1.00,0.20,0.0000
130,3,6,76.30,MEDIUM,240,96,288,144,48,48,   5,1.00,0.20,0.2725
131,3,7,97.31,HIGH,288,96,336,144,48,48,   9,1.00,1.00,0.6861
132,3,8,97.74,HIGH,336,96,384,144,48,48,   0,1.00,1.00,0.0000
133,3,9,98.91,HIGH,384,96,432,144,48,48,   5,1.00,1.00,0.6256
134,3,10,76.09,MEDIUM,432,96,480,144,48,48,   0,1.00,0.20,0.0000
135,3,11,16.32,MEDIUM,480,96,528,144,48,48,   0,1.00,0.20,0.0002
192,4,6,52.34,MEDIUM,240,144,288,192,48,48,   5,1.00,0.20,0.1537
193,4,7,94.27,HIGH,288,144,336,192,48,48,   2,1.00,1.00,0.5019
194,4,8,95.14,HIGH,336,144,384,192,48,48,   0,1.00,1.00,0.1220
195,4,9,94.92,HIGH,384,144,432,192,48,48,   1,1.00,1.00,0.3650
196,4,10,94.97,HIGH,432,144,480,192,48,48,   0,1.00,1.00,0.0000
197,4,11,97.66,HIGH,480,144,528,192,48,48,   0,1.00,1.00,0.0000
198,4,12,59.81,MEDIUM,528,144,576,192,48,48,   4,1.00,0.20,0.1764
255,5,7,89.63,HIGH,288,192,336,240,48,48,   0,1.00,1.00,0.0000
256,5,8,90.76,HIGH,336,192,384,240,48,48,   8,1.00,1.00,0.6388
257,5,9,90.15,HIGH,384,192,432,240,48,48,   6,1.00,1.00,0.6090
258,5,10,95.27,HIGH,432,192,480,240,48,48,   5,1.00,1.00,0.6234
259,5,11,89.93,HIGH,480,192,528,240,48,48,   0,1.00,1.00,0.0000
260,5,12,96.74,HIGH,528,192,576,240,48,48,   8,1.00,1.00,0.6719
261,5,13,98.13,HIGH,576,192,624,240,48,48,  27,1.00,1.00,0.7615
262,5,14,64.45,MEDIUM,624,192,672,240,48,48,   0,1.00,0.20,0.0193
295,5,47,27.34,MEDIUM,2208,192,2256,240,48,48,4611,1.00,0.20,0.3380
296,5,48,91.23,HIGH,2256,192,2304,240,48,48,   1,1.00,1.00,0.3794
297,5,49,29.73,MEDIUM,2304,192,2352,240,48,48,   2,1.00,0.20,0.0304
316,6,6,26.52,MEDIUM,240,240,288,288,48,48,   0,1.00,0.20,0.0000
317,6,7,81.94,HIGH,288,240,336,288,48,48,   0,1.00,1.00,0.0000
318,6,8,84.94,HIGH,336,240,384,288,48,48,   0,1.00,1.00,0.0813
319,6,9,86.81,HIGH,384,240,432,288,48,48,   0,1.00,1.00,0.0846
320,6,10,86.63,HIGH,432,240,480,288,48,48,  21,1.00,1.00,0.7001
321,6,11,78.04,MEDIUM,480,240,528,288,48,48,  36,1.00,0.20,0.5619
322,6,12,92.01,HIGH,528,240,576,288,48,48,   1,1.00,1.00,0.2986
323,6,13,94.40,HIGH,576,240,624,288,48,48, 171,1.00,1.00,0.8211
324,6,14,97.27,HIGH,624,240,672,288,48,48,   0,1.00,1.00,0.1699
325,6,15,70.57,MEDIUM,672,240,720,288,48,48,  10,1.00,0.20,0.3495
355,6,45,28.65,MEDIUM,2112,240,2160,288,48,48,1531,1.00,0.20,0.3197
356,6,46,54.38,MEDIUM,2160,240,2208,288,48,48,   1,1.00,0.20,0.0426
357,6,47,89.54,HIGH,2208,240,2256,288,48,48, 352,1.00,1.00,0.8247
358,6,48,94.36,HIGH,2256,240,2304,288,48,48,   0,1.00,1.00,0.0000
359,6,49,91.28,HIGH,2304,240,2352,288,48,48,   2,1.00,1.00,0.5049
378,7,6,80.03,HIGH,240,288,288,336,48,48,   0,1.00,1.00,0.0000
379,7,7,82.47,HIGH,288,288,336,336,48,48,   2,1.00,1.00,0.4392
380,7,8,70.14,MEDIUM,336,288,384,336,48,48,   0,1.00,0.20,0.0430
381,7,9,93.01,HIGH,384,288,432,336,48,48,   0,1.00,1.00,0.0000
382,7,10,92.53,HIGH,432,288,480,336,48,48,  61,1.00,1.00,0.7793
383,7,11,90.76,HIGH,480,288,528,336,48,48,  52,1.00,1.00,0.7659
384,7,12,91.54,HIGH,528,288,576,336,48,48,  11,1.00,1.00,0.6767
385,7,13,91.67,HIGH,576,288,624,336,48,48,   0,1.00,1.00,0.0000
386,7,14,90.84,HIGH,624,288,672,336,48,48,   0,1.00,1.00,0.0000
387,7,15,98.00,HIGH,672,288,720,336,48,48,   9,1.00,1.00,0.6855
388,7,16,79.04,MEDIUM,720,288,768,336,48,48,   4,1.00,0.20,0.2634
411,7,39,36.89,MEDIUM,1824,288,1872,336,48,48,   0,1.00,0.20,0.0000
412,7,40,69.14,MEDIUM,1872,288,1920,336,48,48,   0,1.00,0.20,0.0000
413,7,41,43.58,MEDIUM,1920,288,1968,336,48,48, 132,1.00,0.20,0.3862
414,7,42,51.39,MEDIUM,1968,288,2016,336,48,48, 103,1.00,0.20,0.4481
415,7,43,83.46,HIGH,2016,288,2064,336,48,48, 172,1.00,1.00,0.7822
416,7,44,83.12,HIGH,2064,288,2112,336,48,48,   0,1.00,1.00,0.0000
417,7,45,84.24,HIGH,2112,288,2160,336,48,48,   0,1.00,1.00,0.0000
418,7,46,82.29,HIGH,2160,288,2208,336,48,48,   0,1.00,1.00,0.0000
419,7,47,90.10,HIGH,2208,288,2256,336,48,48,   0,1.00,1.00,0.0000
420,7,48,90.76,HIGH,2256,288,2304,336,48,48,  12,1.00,1.00,0.6758
421,7,49,92.32,HIGH,2304,288,2352,336,48,48,   0,1.00,1.00,0.0000
422,7,50,56.12,MEDIUM,2352,288,2400,336,48,48,   1,1.00,0.20,0.0584
439,8,5,35.33,MEDIUM,192,336,240,384,48,48,   0,1.00,0.20,0.0000
440,8,6,89.28,HIGH,240,336,288,384,48,48,   7,1.00,1.00,0.6292
441,8,7,82.16,HIGH,288,336,336,384,48,48,  31,1.00,1.00,0.7012
442,8,8,48.00,MEDIUM,336,336,384,384,48,48,  15,1.00,0.20,0.2434
443,8,9,70.83,MEDIUM,384,336,432,384,48,48,   6,1.00,0.20,0.2815
444,8,10,89.37,HIGH,432,336,480,384,48,48,   0,1.00,1.00,0.0000
445,8,11,87.41,HIGH,480,336,528,384,48,48,   4,1.00,1.00,0.5510
446,8,12,88.24,HIGH,528,336,576,384,48,48,   5,1.00,1.00,0.5726
447,8,13,93.79,HIGH,576,336,624,384,48,48, 101,1.00,1.00,0.8028
448,8,14,93.92,HIGH,624,336,672,384,48,48,  52,1.00,1.00,0.7782
449,8,15,84.24,HIGH,672,336,720,384,48,48,  47,1.00,1.00,0.7331
450,8,16,96.70,HIGH,720,336,768,384,48,48,  16,1.00,1.00,0.7239
451,8,17,95.40,HIGH,768,336,816,384,48,48,  21,1.00,1.00,0.7364
474,8,40,41.45,MEDIUM,1872,336,1920,384,48,48,   0,1.00,0.20,0.0000
475,8,41,38.76,MEDIUM,1920,336,1968,384,48,48,  15,1.00,0.20,0.1700
476,8,42,68.10,MEDIUM,1968,336,2016,384,48,48,  33,1.00,0.20,0.4837
477,8,43,74.78,MEDIUM,2016,336,2064,384,48,48,  18,1.00,0.20,0.4624
478,8,44,84.20,HIGH,2064,336,2112,384,48,48,   0,1.00,1.00,0.0000
479,8,45,88.85,HIGH,2112,336,2160,384,48,48,   0,1.00,1.00,0.0000
480,8,46,88.50,HIGH,2160,336,2208,384,48,48,   0,1.00,1.00,0.0000
481,8,47,91.71,HIGH,2208,336,2256,384,48,48,   0,1.00,1.00,0.0000
482,8,48,92.01,HIGH,2256,336,2304,384,48,48,   0,1.00,1.00,0.0000
483,8,49,89.80,HIGH,2304,336,2352,384,48,48,  30,1.00,1.00,0.7352
484,8,50,84.94,HIGH,2352,336,2400,384,48,48,   4,1.00,1.00,0.5284
501,9,5,21.57,MEDIUM,192,384,240,432,48,48,  18,1.00,0.20,0.0669
502,9,6,61.72,MEDIUM,240,384,288,432,48,48,   8,1.00,0.20,0.2675
503,9,7,85.42,HIGH,288,384,336,432,48,48,  12,1.00,1.00,0.6511
504,9,8,94.23,HIGH,336,384,384,432,48,48,  18,1.00,1.00,0.7234
505,9,9,90.32,HIGH,384,384,432,432,48,48,   2,1.00,1.00,0.4672
506,9,10,87.93,HIGH,432,384,480,432,48,48,   2,1.00,1.00,0.4399
507,9,11,88.19,HIGH,480,384,528,432,48,48,   0,1.00,1.00,0.0000
508,9,12,90.28,HIGH,528,384,576,432,48,48,  25,1.00,1.00,0.7254
509,9,13,94.23,HIGH,576,384,624,432,48,48,  56,1.00,1.00,0.7822
510,9,14,97.61,HIGH,624,384,672,432,48,48,  24,1.00,1.00,0.7550
511,9,15,89.32,HIGH,672,384,720,432,48,48,  32,1.00,1.00,0.7369
512,9,16,91.88,HIGH,720,384,768,432,48,48,  23,1.00,1.00,0.7278
513,9,17,98.00,HIGH,768,384,816,432,48,48,   5,1.00,1.00,0.6235
514,9,18,78.39,MEDIUM,816,384,864,432,48,48,   1,1.00,0.20,0.1288
532,9,36,34.29,MEDIUM,1680,384,1728,432,48,48,   0,1.00,0.20,0.0000
533,9,37,44.66,MEDIUM,1728,384,1776,432,48,48,   0,1.00,0.20,0.0000
534,9,38,29.30,MEDIUM,1776,384,1824,432,48,48,   0,1.00,0.20,0.0000
535,9,39,68.79,MEDIUM,1824,384,1872,432,48,48,   0,1.00,0.20,0.0000
536,9,40,76.17,MEDIUM,1872,384,1920,432,48,48,   0,1.00,0.20,0.0000
537,9,41,85.16,HIGH,1920,384,1968,432,48,48,   0,1.00,1.00,0.0000
538,9,42,85.29,HIGH,1968,384,2016,432,48,48,   0,1.00,1.00,0.0000
539,9,43,82.16,HIGH,2016,384,2064,432,48,48,   0,1.00,1.00,0.0000
540,9,44,84.11,HIGH,2064,384,2112,432,48,48,   0,1.00,1.00,0.0000
541,9,45,87.93,HIGH,2112,384,2160,432,48,48,   0,1.00,1.00,0.0000
542,9,46,90.45,HIGH,2160,384,2208,432,48,48,   0,1.00,1.00,0.0000
543,9,47,92.36,HIGH,2208,384,2256,432,48,48,   0,1.00,1.00,0.0000
544,9,48,91.32,HIGH,2256,384,2304,432,48,48,  12,1.00,1.00,0.6794
545,9,49,90.97,HIGH,2304,384,2352,432,48,48,   0,1.00,1.00,0.2419
546,9,50,89.63,HIGH,2352,384,2400,432,48,48,  10,1.00,1.00,0.6595
547,9,51,42.80,MEDIUM,2400,384,2448,432,48,48,   1,1.00,0.20,0.0445
564,10,6,62.50,MEDIUM,240,432,288,480,48,48,   3,1.00,0.20,0.1619
565,10,7,90.19,HIGH,288,432,336,480,48,48, 107,1.00,1.00,0.7920
566,10,8,70.57,MEDIUM,336,432,384,480,48,48,   0,1.00,0.20,0.0000
567,10,9,55.12,MEDIUM,384,432,432,480,48,48,   0,1.00,0.20,0.0000
568,10,10,33.33,MEDIUM,432,432,480,480,48,48,   0,1.00,0.20,0.0000
569,10,11,62.33,MEDIUM,480,432,528,480,48,48,  28,1.00,0.20,0.4212
570,10,12,90.80,HIGH,528,432,576,480,48,48,  22,1.00,1.00,0.7200
571,10,13,96.18,HIGH,576,432,624,480,48,48,  31,1.00,1.00,0.7622
572,10,14,93.10,HIGH,624,432,672,480,48,48,  43,1.00,1.00,0.7667
573,10,15,88.89,HIGH,672,432,720,480,48,48,   7,1.00,1.00,0.6207
574,10,16,91.15,HIGH,720,432,768,480,48,48,   3,1.00,1.00,0.5147
575,10,17,93.49,HIGH,768,432,816,480,48,48,   0,1.00,1.00,0.0968
576,10,18,99.44,HIGH,816,432,864,480,48,48,   2,0.49,1.00,0.3873
577,10,19,44.23,MEDIUM,864,432,912,480,48,48,   2,1.00,0.20,0.0720
591,10,33,21.57,MEDIUM,1536,432,1584,480,48,48,   0,1.00,0.20,0.0000
592,10,34,62.98,MEDIUM,1584,432,1632,480,48,48,   0,1.00,0.20,0.0000
593,10,35,40.23,MEDIUM,1632,432,1680,480,48,48,   0,1.00,0.20,0.0000
594,10,36,74.70,MEDIUM,1680,432,1728,480,48,48,   0,1.00,0.20,0.0000
595,10,37,72.53,MEDIUM,1728,432,1776,480,48,48,   0,1.00,0.20,0.0452
596,10,38,77.17,MEDIUM,1776,432,1824,480,48,48,  26,1.00,0.20,0.5188
597,10,39,80.03,HIGH,1824,432,1872,480,48,48,   0,1.00,1.00,0.0000
598,10,40,79.82,MEDIUM,1872,432,1920,480,48,48,   0,1.00,0.20,0.0000
599,10,41,87.33,HIGH,1920,432,1968,480,48,48,   0,1.00,1.00,0.0000
600,10,42,89.32,HIGH,1968,432,2016,480,48,48,  12,1.00,1.00,0.6739
601,10,43,73.65,MEDIUM,2016,432,2064,480,48,48,   0,1.00,0.20,0.0000
602,10,44,87.46,HIGH,2064,432,2112,480,48,48,   0,1.00,1.00,0.0000
603,10,45,88.54,HIGH,2112,432,2160,480,48,48,   0,1.00,1.00,0.1176
604,10,46,88.28,HIGH,2160,432,2208,480,48,48,  57,1.00,1.00,0.7601
605,10,47,92.84,HIGH,2208,432,2256,480,48,48,   0,1.00,1.00,0.0000
606,10,48,92.01,HIGH,2256,432,2304,480,48,48,   0,1.00,1.00,0.0000
607,10,49,95.44,HIGH,2304,432,2352,480,48,48,   0,1.00,1.00,0.0000
608,10,50,76.69,MEDIUM,2352,432,2400,480,48,48,  12,1.00,0.20,0.4182
609,10,51,68.92,MEDIUM,2400,432,2448,480,48,48,   5,1.00,0.20,0.2397
626,11,6,14.97,MEDIUM,240,480,288,528,48,48,   0,1.00,0.20,0.0000
627,11,7,15.02,MEDIUM,288,480,336,528,48,48,   0,1.00,0.20,0.0000
630,11,10,18.27,MEDIUM,432,480,480,528,48,48,   4,1.00,0.20,0.0209
631,11,11,61.02,MEDIUM,480,480,528,528,48,48,  18,1.00,0.20,0.3618
632,11,12,79.08,MEDIUM,528,480,576,528,48,48,  24,1.00,0.20,0.5213
633,11,13,91.06,HIGH,576,480,624,528,48,48,   1,1.00,1.00,0.4182
634,11,14,87.15,HIGH,624,480,672,528,48,48,   0,1.00,1.00,0.0000
635,11,15,88.19,HIGH,672,480,720,528,48,48,  15,1.00,1.00,0.6829
636,11,16,90.93,HIGH,720,480,768,528,48,48,   0,1.00,1.00,0.0000
637,11,17,92.75,HIGH,768,480,816,528,48,48,  10,1.00,1.00,0.6704
638,11,18,95.66,HIGH,816,480,864,528,48,48,  83,1.00,1.00,0.8022
639,11,19,98.13,HIGH,864,480,912,528,48,48,  13,1.00,1.00,0.7154
640,11,20,78.73,MEDIUM,912,480,960,528,48,48,   6,1.00,0.20,0.3349
654,11,34,66.28,MEDIUM,1584,480,1632,528,48,48,   0,1.00,0.20,0.0000
655,11,35,73.26,MEDIUM,1632,480,1680,528,48,48,   0,1.00,0.20,0.0000
656,11,36,88.41,HIGH,1680,480,1728,528,48,48,   0,1.00,1.00,0.0000
657,11,37,77.43,MEDIUM,1728,480,1776,528,48,48,  28,1.00,0.20,0.5326
658,11,38,74.48,MEDIUM,1776,480,1824,528,48,48,   0,1.00,0.20,0.0141
659,11,39,75.95,MEDIUM,1824,480,1872,528,48,48,   0,1.00,0.20,0.0000
660,11,40,82.16,HIGH,1872,480,1920,528,48,48,   0,1.00,1.00,0.0000
661,11,41,72.53,MEDIUM,1920,480,1968,528,48,48,   0,1.00,0.20,0.0000
662,11,42,91.71,HIGH,1968,480,2016,528,48,48,   0,1.00,1.00,0.0000
663,11,43,83.77,HIGH,2016,480,2064,528,48,48,   0,1.00,1.00,0.0000
664,11,44,82.55,HIGH,2064,480,2112,528,48,48,  16,1.00,1.00,0.6565
665,11,45,88.63,HIGH,2112,480,2160,528,48,48,   0,1.00,1.00,0.0000
666,11,46,90.93,HIGH,2160,480,2208,528,48,48,   0,1.00,1.00,0.0000
667,11,47,92.36,HIGH,2208,480,2256,528,48,48,   0,1.00,1.00,0.0000
668,11,48,94.05,HIGH,2256,480,2304,528,48,48,   0,1.00,1.00,0.0000
669,11,49,94.62,HIGH,2304,480,2352,528,48,48,   3,1.00,1.00,0.5378
670,11,50,91.80,HIGH,2352,480,2400,528,48,48,  63,0.49,1.00,0.7444
671,11,51,93.49,HIGH,2400,480,2448,528,48,48,  11,1.00,1.00,0.6844
672,11,52,33.72,MEDIUM,2448,480,2496,528,48,48,   1,1.00,0.20,0.0163
691,12,9,39.45,MEDIUM,384,528,432,576,48,48,   2,1.00,0.20,0.0494
692,12,10,43.66,MEDIUM,432,528,480,576,48,48,   1,1.00,0.20,0.0458
693,12,11,85.89,HIGH,480,528,528,576,48,48,  28,1.00,1.00,0.7136
694,12,12,77.39,MEDIUM,528,528,576,576,48,48,  25,1.00,0.20,0.5182
695,12,13,83.20,HIGH,576,528,624,576,48,48,   6,1.00,1.00,0.5702
696,12,14,91.36,HIGH,624,528,672,576,48,48,   0,1.00,1.00,0.0000
697,12,15,85.81,HIGH,672,528,720,576,48,48,   3,1.00,1.00,0.5209
698,12,16,81.73,HIGH,720,528,768,576,48,48,  12,1.00,1.00,0.6298
699,12,17,93.71,HIGH,768,528,816,576,48,48,   0,1.00,1.00,0.0000
700,12,18,86.55,HIGH,816,528,864,576,48,48,   0,1.00,1.00,0.0000
701,12,19,93.45,HIGH,864,528,912,576,48,48,   4,1.00,1.00,0.5881
702,12,20,99.52,HIGH,912,528,960,576,48,48,  27,1.00,1.00,0.7680
703,12,21,74.70,MEDIUM,960,528,1008,576,48,48,   7,1.00,0.20,0.3281
716,12,34,64.28,MEDIUM,1584,528,1632,576,48,48,   0,1.00,0.20,0.0000
717,12,35,66.67,MEDIUM,1632,528,1680,576,48,48,   0,1.00,0.20,0.0000
718,12,36,81.73,HIGH,1680,528,1728,576,48,48,   0,1.00,1.00,0.0000
719,12,37,82.03,HIGH,1728,528,1776,576,48,48,   1,1.00,1.00,0.3198
720,12,38,88.50,HIGH,1776,528,1824,576,48,48,   0,1.00,1.00,0.0000
721,12,39,78.56,MEDIUM,1824,528,1872,576,48,48,   0,1.00,0.20,0.0000
722,12,40,69.18,MEDIUM,1872,528,1920,576,48,48,   0,1.00,0.20,0.0000
723,12,41,71.01,MEDIUM,1920,528,1968,576,48,48,   0,1.00,0.20,0.0000
724,12,42,65.97,MEDIUM,1968,528,2016,576,48,48,   7,1.00,0.20,0.2666
725,12,43,63.32,MEDIUM,2016,528,2064,576,48,48,   7,1.00,0.20,0.2670
726,12,44,94.27,HIGH,2064,528,2112,576,48,48,  44,1.00,1.00,0.7716
727,12,45,93.40,HIGH,2112,528,2160,576,48,48,  33,1.00,1.00,0.7549
728,12,46,92.53,HIGH,2160,528,2208,576,48,48,   9,1.00,1.00,0.6624
729,12,47,91.97,HIGH,2208,528,2256,576,48,48,   3,1.00,1.00,0.5237
730,12,48,95.44,HIGH,2256,528,2304,576,48,48,   3,1.00,1.00,0.5611
731,12,49,92.10,HIGH,2304,528,2352,576,48,48,   4,1.00,1.00,0.5622
732,12,50,94.97,HIGH,2352,528,2400,576,48,48,   3,0.49,1.00,0.4712
733,12,51,98.26,HIGH,2400,528,2448,576,48,48,   5,1.00,1.00,0.6359
734,12,52,42.62,MEDIUM,2448,528,2496,576,48,48,   1,1.00,0.20,0.0324
750,13,6,23.44,MEDIUM,240,576,288,624,48,48,   0,1.00,0.20,0.0000
751,13,7,55.30,MEDIUM,288,576,336,624,48,48,   1,1.00,0.20,0.0335
752,13,8,90.02,HIGH,336,576,384,624,48,48,   0,1.00,1.00,0.0000
753,13,9,87.63,HIGH,384,576,432,624,48,48,   0,1.00,1.00,0.0000
754,13,10,79.77,MEDIUM,432,576,480,624,48,48,   0,1.00,0.20,0.0000
755,13,11,84.07,HIGH,480,576,528,624,48,48,   0,1.00,1.00,0.0000
756,13,12,85.94,HIGH,528,576,576,624,48,48,   1,1.00,1.00,0.2703
757,13,13,77.60,MEDIUM,576,576,624,624,48,48,  22,1.00,0.20,0.5064
758,13,14,90.93,HIGH,624,576,672,624,48,48,   0,1.00,1.00,0.0000
759,13,15,90.45,HIGH,672,576,720,624,48,48,   2,1.00,1.00,0.4427
760,13,16,82.73,HIGH,720,576,768,624,48,48,   0,1.00,1.00,0.1448
761,13,17,85.76,HIGH,768,576,816,624,48,48,  41,1.00,1.00,0.7337
762,13,18,90.32,HIGH,816,576,864,624,48,48,  27,1.00,1.00,0.7307
763,13,19,90.41,HIGH,864,576,912,624,48,48,  20,1.00,1.00,0.7138
764,13,20,91.84,HIGH,912,576,960,624,48,48,  31,1.00,1.00,0.7458
765,13,21,17.75,MEDIUM,960,576,1008,624,48,48,   0,1.00,0.20,0.0000
778,13,34,33.85,MEDIUM,1584,576,1632,624,48,48,   0,1.00,0.20,0.0000
779,13,35,85.72,HIGH,1632,576,1680,624,48,48,   0,1.00,1.00,0.0000
780,13,36,87.93,HIGH,1680,576,1728,624,48,48,   0,1.00,1.00,0.0000
781,13,37,86.20,HIGH,1728,576,1776,624,48,48,   0,1.00,1.00,0.0000
782,13,38,87.72,HIGH,1776,576,1824,624,48,48,   0,1.00,1.00,0.0000
783,13,39,77.73,MEDIUM,1824,576,1872,624,48,48,  15,1.00,0.20,0.4573
784,13,40,82.68,HIGH,1872,576,1920,624,48,48,   0,1.00,1.00,0.0000
785,13,41,53.56,MEDIUM,1920,576,1968,624,48,48,   0,1.00,0.20,0.0000
786,13,42,60.42,MEDIUM,1968,576,2016,624,48,48,   0,1.00,0.20,0.0000
787,13,43,76.56,MEDIUM,2016,576,2064,624,48,48, 133,1.00,0.20,0.6602
788,13,44,89.84,HIGH,2064,576,2112,624,48,48,  49,1.00,1.00,0.7598
789,13,45,85.46,HIGH,2112,576,2160,624,48,48,  32,1.00,1.00,0.7191
790,13,46,93.10,HIGH,2160,576,2208,624,48,48,  66,1.00,1.00,0.7848
791,13,47,89.89,HIGH,2208,576,2256,624,48,48,   0,1.00,1.00,0.0000
792,13,48,95.14,HIGH,2256,576,2304,624,48,48,   4,1.00,1.00,0.5768
793,13,49,97.22,HIGH,2304,576,2352,624,48,48,   6,0.49,1.00,0.5642
794,13,50,98.83,HIGH,2352,576,2400,624,48,48,  13,0.49,1.00,0.6575
795,13,51,99.00,HIGH,2400,576,2448,624,48,48,   7,1.00,1.00,0.6762
796,13,52,90.93,HIGH,2448,576,2496,624,48,48,   7,1.00,1.00,0.6265
811,14,5,29.43,MEDIUM,192,624,240,672,48,48,   0,1.00,0.20,0.0000
812,14,6,84.51,HIGH,240,624,288,672,48,48,   0,1.00,1.00,0.0000
813,14,7,82.60,HIGH,288,624,336,672,48,48,   0,1.00,1.00,0.0000
814,14,8,87.15,HIGH,336,624,384,672,48,48,   0,1.00,1.00,0.0585
815,14,9,83.77,HIGH,384,624,432,672,48,48,   0,1.00,1.00,0.1525
816,14,10,87.93,HIGH,432,624,480,672,48,48,   0,1.00,1.00,0.2297
817,14,11,85.68,HIGH,480,624,528,672,48,48,   0,1.00,1.00,0.0000
818,14,12,83.16,HIGH,528,624,576,672,48,48,   0,1.00,1.00,0.0000
819,14,13,88.28,HIGH,576,624,624,672,48,48,   0,1.00,1.00,0.0000
820,14,14,84.03,HIGH,624,624,672,672,48,48,   0,1.00,1.00,0.0000
821,14,15,82.60,HIGH,672,624,720,672,48,48,  14,1.00,1.00,0.6479
822,14,16,82.60,HIGH,720,624,768,672,48,48,   1,1.00,1.00,0.3745
823,14,17,96.14,HIGH,768,624,816,672,48,48,  34,1.00,1.00,0.7662
824,14,18,99.35,HIGH,816,624,864,672,48,48,  22,1.00,1.00,0.7554
825,14,19,95.88,HIGH,864,624,912,672,48,48,   9,1.00,1.00,0.6824
826,14,20,39.37,MEDIUM,912,624,960,672,48,48,  45,1.00,0.20,0.2635
840,14,34,15.89,MEDIUM,1584,624,1632,672,48,48,   0,1.00,0.20,0.0000
841,14,35,84.55,HIGH,1632,624,1680,672,48,48,   2,1.00,1.00,0.4354
842,14,36,83.59,HIGH,1680,624,1728,672,48,48,   0,1.00,1.00,0.0000
843,14,37,86.02,HIGH,1728,624,1776,672,48,48,   0,1.00,1.00,0.0000
844,14,38,84.85,HIGH,1776,624,1824,672,48,48,   1,1.00,1.00,0.3782
845,14,39,90.45,HIGH,1824,624,1872,672,48,48,   0,1.00,1.00,0.0000
846,14,40,73.44,MEDIUM,1872,624,1920,672,48,48,   0,1.00,0.20,0.0000
847,14,41,23.05,MEDIUM,1920,624,1968,672,48,48,   0,1.00,0.20,0.0000
848,14,42,35.76,MEDIUM,1968,624,2016,672,48,48,   0,1.00,0.20,0.0000
849,14,43,57.20,MEDIUM,2016,624,2064,672,48,48,   3,1.00,0.20,0.1304
850,14,44,90.80,HIGH,2064,624,2112,672,48,48,  41,1.00,1.00,0.7548
851,14,45,92.53,HIGH,2112,624,2160,672,48,48,  43,1.00,1.00,0.7645
852,14,46,83.81,HIGH,2160,624,2208,672,48,48,  66,1.00,1.00,0.7473
853,14,47,83.12,HIGH,2208,624,2256,672,48,48,   0,1.00,1.00,0.0000
854,14,48,95.79,HIGH,2256,624,2304,672,48,48,  43,1.00,1.00,0.7768
855,14,49,95.01,HIGH,2304,624,2352,672,48,48,   6,0.49,1.00,0.5543
856,14,50,99.57,HIGH,2352,624,2400,672,48,48,  37,1.00,1.00,0.7832
857,14,51,99.39,HIGH,2400,624,2448,672,48,48,  14,1.00,1.00,0.7276
858,14,52,99.61,HIGH,2448,624,2496,672,48,48,   8,0.49,1.00,0.6088
859,14,53,60.37,MEDIUM,2496,624,2544,672,48,48,   7,1.00,0.20,0.2340
873,15,5,33.94,MEDIUM,192,672,240,720,48,48, 240,1.00,0.20,0.3095
874,15,6,77.00,MEDIUM,240,672,288,720,48,48,   9,1.00,0.20,0.3777
875,15,7,80.38,HIGH,288,672,336,720,48,48,   1,1.00,1.00,0.2452
876,15,8,83.25,HIGH,336,672,384,720,48,48,   0,1.00,1.00,0.0000
877,15,9,86.85,HIGH,384,672,432,720,48,48,   0,1.00,1.00,0.0000
878,15,10,89.28,HIGH,432,672,480,720,48,48,   0,1.00,1.00,0.0000
879,15,11,88.11,HIGH,480,672,528,720,48,48,   1,1.00,1.00,0.3817
880,15,12,77.56,MEDIUM,528,672,576,720,48,48,  16,1.00,0.20,0.4630
881,15,13,59.51,MEDIUM,576,672,624,720,48,48,  19,1.00,0.20,0.3553
882,15,14,36.94,MEDIUM,624,672,672,720,48,48,  43,1.00,0.20,0.2351
883,15,15,25.35,MEDIUM,672,672,720,720,48,48,  18,1.00,0.20,0.0886
884,15,16,57.03,MEDIUM,720,672,768,720,48,48,   9,1.00,0.20,0.2492
885,15,17,81.77,HIGH,768,672,816,720,48,48,  29,1.00,1.00,0.6955
886,15,18,92.23,HIGH,816,672,864,720,48,48,  13,1.00,1.00,0.6928
887,15,19,44.84,MEDIUM,864,672,912,720,48,48,   3,1.00,0.20,0.0961
899,15,31,18.79,MEDIUM,1440,672,1488,720,48,48,   0,1.00,0.20,0.0000
902,15,34,36.63,MEDIUM,1584,672,1632,720,48,48, 188,1.00,0.20,0.3289
903,15,35,77.86,MEDIUM,1632,672,1680,720,48,48,   0,1.00,0.20,0.0000
904,15,36,79.69,MEDIUM,1680,672,1728,720,48,48,   0,1.00,0.20,0.0000
905,15,37,91.23,HIGH,1728,672,1776,720,48,48,   0,1.00,1.00,0.0000
906,15,38,88.28,HIGH,1776,672,1824,720,48,48,   0,1.00,1.00,0.0000
907,15,39,87.59,HIGH,1824,672,1872,720,48,48,   0,1.00,1.00,0.0000
908,15,40,88.15,HIGH,1872,672,1920,720,48,48,   0,1.00,1.00,0.0000
909,15,41,87.20,HIGH,1920,672,1968,720,48,48,   0,1.00,1.00,0.0000
910,15,42,90.28,HIGH,1968,672,2016,720,48,48,   0,1.00,1.00,0.0000
911,15,43,91.10,HIGH,2016,672,2064,720,48,48,   0,1.00,1.00,0.0000
912,15,44,91.80,HIGH,2064,672,2112,720,48,48,   0,1.00,1.00,0.0000
913,15,45,91.84,HIGH,2112,672,2160,720,48,48,   0,1.00,1.00,0.0000
914,15,46,84.33,HIGH,2160,672,2208,720,48,48,  16,1.00,1.00,0.6684
915,15,47,94.92,HIGH,2208,672,2256,720,48,48,   0,0.49,1.00,0.0000
916,15,48,97.09,HIGH,2256,672,2304,720,48,48,   5,0.49,1.00,0.5280
917,15,49,95.18,HIGH,2304,672,2352,720,48,48,  24,1.00,1.00,0.7439
918,15,50,99.70,HIGH,2352,672,2400,720,48,48,  25,1.00,1.00,0.7650
919,15,51,99.91,HIGH,2400,672,2448,720,48,48,  12,0.49,1.00,0.6561
920,15,52,99.65,HIGH,2448,672,2496,720,48,48,   8,0.49,1.00,0.6195
921,15,53,97.18,HIGH,2496,672,2544,720,48,48,   8,1.00,1.00,0.6706
936,16,6,60.24,MEDIUM,240,720,288,768,48,48,   6,1.00,0.20,0.2159
937,16,7,61.50,MEDIUM,288,720,336,768,48,48,   0,1.00,0.20,0.0000
938,16,8,79.30,MEDIUM,336,720,384,768,48,48,   0,1.00,0.20,0.0000
939,16,9,79.30,MEDIUM,384,720,432,768,48,48,   0,1.00,0.20,0.0000
940,16,10,43.62,MEDIUM,432,720,480,768,48,48,   9,1.00,0.20,0.1666
941,16,11,38.72,MEDIUM,480,720,528,768,48,48,  12,1.00,0.20,0.1552
942,16,12,41.54,MEDIUM,528,720,576,768,48,48,  17,1.00,0.20,0.2029
943,16,13,20.62,MEDIUM,576,720,624,768,48,48,   8,1.00,0.20,0.0401
944,16,14,32.86,MEDIUM,624,720,672,768,48,48,   0,1.00,0.20,0.0047
945,16,15,69.36,MEDIUM,672,720,720,768,48,48,   0,1.00,0.20,0.0000
946,16,16,40.23,MEDIUM,720,720,768,768,48,48,   2,1.00,0.20,0.0584
947,16,17,56.08,MEDIUM,768,720,816,768,48,48,   7,1.00,0.20,0.2174
948,16,18,40.10,MEDIUM,816,720,864,768,48,48,   0,1.00,0.20,0.0000
961,16,31,63.72,MEDIUM,1440,720,1488,768,48,48,   0,1.00,0.20,0.0000
964,16,34,73.00,MEDIUM,1584,720,1632,768,48,48,  98,1.00,0.20,0.6169
965,16,35,77.73,MEDIUM,1632,720,1680,768,48,48,   0,1.00,0.20,0.0000
966,16,36,72.01,MEDIUM,1680,720,1728,768,48,48,   2,1.00,0.20,0.1262
967,16,37,78.56,MEDIUM,1728,720,1776,768,48,48,   0,1.00,0.20,0.0000
968,16,38,79.30,MEDIUM,1776,720,1824,768,48,48,   0,1.00,0.20,0.0000
969,16,39,86.24,HIGH,1824,720,1872,768,48,48,   0,1.00,1.00,0.0000
970,16,40,82.94,HIGH,1872,720,1920,768,48,48, 187,1.00,1.00,0.7827
971,16,41,86.76,HIGH,1920,720,1968,768,48,48,  83,1.00,1.00,0.7695
972,16,42,86.94,HIGH,1968,720,2016,768,48,48, 115,1.00,1.00,0.7824
973,16,43,86.68,HIGH,2016,720,2064,768,48,48,   0,1.00,1.00,0.0000
974,16,44,92.53,HIGH,2064,720,2112,768,48,48,   1,1.00,1.00,0.3765
975,16,45,87.46,HIGH,2112,720,2160,768,48,48,   0,1.00,1.00,0.0000
976,16,46,92.62,HIGH,2160,720,2208,768,48,48,   9,1.00,1.00,0.6631
977,16,47,88.02,HIGH,2208,720,2256,768,48,48,   5,1.00,1.00,0.5740
978,16,48,97.09,HIGH,2256,720,2304,768,48,48,  22,1.00,1.00,0.7463
979,16,49,97.31,HIGH,2304,720,2352,768,48,48,  34,1.00,1.00,0.7709
980,16,50,99.78,HIGH,2352,720,2400,768,48,48,  24,0.49,1.00,0.7158
981,16,51,99.91,HIGH,2400,720,2448,768,48,48,  11,0.49,1.00,0.6531
982,16,52,99.91,HIGH,2448,720,2496,768,48,48,  11,0.49,1.00,0.6498
983,16,53,99.74,HIGH,2496,720,2544,768,48,48,  18,0.49,1.00,0.6957
984,16,54,66.88,MEDIUM,2544,720,2592,768,48,48,   6,1.00,0.20,0.2541
1000,17,8,27.00,MEDIUM,336,768,384,816,48,48,   0,1.00,0.20,0.0065
1001,17,9,58.68,MEDIUM,384,768,432,816,48,48,   0,1.00,0.20,0.0000
1002,17,10,23.83,MEDIUM,432,768,480,816,48,48,   0,1.00,0.20,0.0000
1003,17,11,31.64,MEDIUM,480,768,528,816,48,48,  14,1.00,0.20,0.1196
1004,17,12,51.52,MEDIUM,528,768,576,816,48,48,  17,1.00,0.20,0.2806
1005,17,13,84.72,HIGH,576,768,624,816,48,48,   0,1.00,1.00,0.0000
1006,17,14,88.89,HIGH,624,768,672,816,48,48,   0,1.00,1.00,0.0000
1007,17,15,82.81,HIGH,672,768,720,816,48,48,   0,1.00,1.00,0.0000
1008,17,16,58.64,MEDIUM,720,768,768,816,48,48,   0,1.00,0.20,0.0000
1026,17,34,29.30,MEDIUM,1584,768,1632,816,48,48,   0,1.00,0.20,0.0000
1027,17,35,50.26,MEDIUM,1632,768,1680,816,48,48,   0,1.00,0.20,0.0000
1028,17,36,76.56,MEDIUM,1680,768,1728,816,48,48,   0,1.00,0.20,0.0000
1029,17,37,79.69,MEDIUM,1728,768,1776,816,48,48,   0,1.00,0.20,0.0000
1030,17,38,68.19,MEDIUM,1776,768,1824,816,48,48,  14,1.00,0.20,0.3840
1031,17,39,83.98,HIGH,1824,768,1872,816,48,48,   0,1.00,1.00,0.0000
1032,17,40,89.63,HIGH,1872,768,1920,816,48,48, 124,1.00,1.00,0.7950
1033,17,41,80.82,HIGH,1920,768,1968,816,48,48,  38,1.00,1.00,0.7055
1034,17,42,90.02,HIGH,1968,768,2016,816,48,48,   2,1.00,1.00,0.4558
1035,17,43,79.30,MEDIUM,2016,768,2064,816,48,48,  72,1.00,0.20,0.6319
1036,17,44,86.02,HIGH,2064,768,2112,816,48,48,   0,1.00,1.00,0.1902
1037,17,45,82.99,HIGH,2112,768,2160,816,48,48,   0,1.00,1.00,0.0000
1038,17,46,88.76,HIGH,2160,768,2208,816,48,48,   9,1.00,1.00,0.6403
1039,17,47,96.61,HIGH,2208,768,2256,816,48,48,  31,1.00,1.00,0.7639
1040,17,48,99.91,HIGH,2256,768,2304,816,48,48,  25,0.49,1.00,0.7214
1041,17,49,100.00,HIGH,2304,768,2352,816,48,48,  17,0.49,1.00,0.6908
1042,17,50,99.70,HIGH,2352,768,2400,816,48,48,   9,0.49,1.00,0.6235
1043,17,51,99.09,HIGH,2400,768,2448,816,48,48,   6,1.00,1.00,0.6487
1044,17,52,99.39,HIGH,2448,768,2496,816,48,48,   8,0.49,1.00,0.6118
1045,17,53,99.87,HIGH,2496,768,2544,816,48,48,   7,0.49,1.00,0.5989
1046,17,54,94.88,HIGH,2544,768,2592,816,48,48,  13,1.00,1.00,0.7043
1062,18,8,14.76,MEDIUM,336,816,384,864,48,48,   0,1.00,0.20,0.0000
1063,18,9,32.81,MEDIUM,384,816,432,864,48,48,   0,1.00,0.20,0.0000
1064,18,10,48.87,MEDIUM,432,816,480,864,48,48,   0,1.00,0.20,0.0000
1065,18,11,85.94,HIGH,480,816,528,864,48,48,   0,1.00,1.00,0.0000
1066,18,12,79.69,MEDIUM,528,816,576,864,48,48,   7,1.00,0.20,0.3618
1067,18,13,79.12,MEDIUM,576,816,624,864,48,48,   0,1.00,0.20,0.0533
1068,18,14,65.93,MEDIUM,624,816,672,864,48,48,   0,1.00,0.20,0.0000
1069,18,15,25.43,MEDIUM,672,816,720,864,48,48,   0,1.00,0.20,0.0000
1087,18,33,29.47,MEDIUM,1536,816,1584,864,48,48,   2,1.00,0.20,0.0335
1090,18,36,44.49,MEDIUM,1680,816,1728,864,48,48,   0,1.00,0.20,0.0000
1091,18,37,40.02,MEDIUM,1728,816,1776,864,48,48,   0,1.00,0.20,0.0000
1092,18,38,14.71,MEDIUM,1776,816,1824,864,48,48,   0,1.00,0.20,0.0000
1093,18,39,16.15,MEDIUM,1824,816,1872,864,48,48,   0,1.00,0.20,0.0000
1094,18,40,50.56,MEDIUM,1872,816,1920,864,48,48,   0,1.00,0.20,0.0000
1095,18,41,79.90,MEDIUM,1920,816,1968,864,48,48,   0,1.00,0.20,0.0000
1096,18,42,82.55,HIGH,1968,816,2016,864,48,48,   0,1.00,1.00,0.0000
1097,18,43,63.59,MEDIUM,2016,816,2064,864,48,48,  13,1.00,0.20,0.3411
1098,18,44,84.64,HIGH,2064,816,2112,864,48,48,  17,1.00,1.00,0.6736
1099,18,45,79.12,MEDIUM,2112,816,2160,864,48,48,   0,1.00,0.20,0.0000
1100,18,46,96.70,HIGH,2160,816,2208,864,48,48,   8,0.49,1.00,0.6037
1101,18,47,99.26,HIGH,2208,816,2256,864,48,48,  76,0.49,1.00,0.7823
1102,18,48,99.87,HIGH,2256,816,2304,864,48,48,  19,0.49,1.00,0.6978
1103,18,49,99.96,HIGH,2304,816,2352,864,48,48,   9,0.49,1.00,0.6266
1104,18,50,99.96,HIGH,2352,816,2400,864,48,48,   8,0.49,1.00,0.6120
1105,18,51,99.91,HIGH,2400,816,2448,864,48,48,  12,0.49,1.00,0.6619
1106,18,52,99.91,HIGH,2448,816,2496,864,48,48,   9,0.49,1.00,0.6256
1107,18,53,95.75,HIGH,2496,816,2544,864,48,48,   8,1.00,1.00,0.6673
1108,18,54,99.52,HIGH,2544,816,2592,864,48,48,   7,0.49,1.00,0.5979
1109,18,55,35.42,MEDIUM,2592,816,2640,864,48,48,   2,1.00,0.20,0.0431
1124,19,8,37.50,MEDIUM,336,864,384,912,48,48,   0,1.00,0.20,0.0000
1125,19,9,71.70,MEDIUM,384,864,432,912,48,48,   0,1.00,0.20,0.0000
1126,19,10,47.83,MEDIUM,432,864,480,912,48,48,   0,1.00,0.20,0.0000
1127,19,11,45.31,MEDIUM,480,864,528,912,48,48,   1,1.00,0.20,0.0499
1128,19,12,40.80,MEDIUM,528,864,576,912,48,48,   0,1.00,0.20,0.0000
1129,19,13,16.10,MEDIUM,576,864,624,912,48,48,   0,1.00,0.20,0.0000
1132,19,16,22.14,MEDIUM,720,864,768,912,48,48,   0,1.00,0.20,0.0000
1133,19,17,51.78,MEDIUM,768,864,816,912,48,48,   0,1.00,0.20,0.0000
1134,19,18,48.96,MEDIUM,816,864,864,912,48,48,   0,1.00,0.20,0.0000
1135,19,19,37.28,MEDIUM,864,864,912,912,48,48,   0,1.00,0.20,0.0000
1148,19,32,46.14,MEDIUM,1488,864,1536,912,48,48,   1,1.00,0.20,0.0291
1149,19,33,71.57,MEDIUM,1536,864,1584,912,48,48,   2,1.00,0.20,0.1652
1150,19,34,37.67,MEDIUM,1584,864,1632,912,48,48,   0,1.00,0.20,0.0062
1151,19,35,15.80,MEDIUM,1632,864,1680,912,48,48,   0,1.00,0.20,0.0000
1154,19,38,17.53,MEDIUM,1776,864,1824,912,48,48,   0,1.00,0.20,0.0000
1155,19,39,37.80,MEDIUM,1824,864,1872,912,48,48,   0,1.00,0.20,0.0000
1156,19,40,29.77,MEDIUM,1872,864,1920,912,48,48,   0,1.00,0.20,0.0000
1157,19,41,82.99,HIGH,1920,864,1968,912,48,48,   0,1.00,1.00,0.0000
1158,19,42,85.20,HIGH,1968,864,2016,912,48,48,   0,1.00,1.00,0.0000
1159,19,43,91.45,HIGH,2016,864,2064,912,48,48,   5,1.00,1.00,0.6016
1160,19,44,90.19,HIGH,2064,864,2112,912,48,48,  12,1.00,1.00,0.6734
1161,19,45,94.49,HIGH,2112,864,2160,912,48,48, 254,1.00,1.00,0.8319
1162,19,46,94.75,HIGH,2160,864,2208,912,48,48,  10,1.00,1.00,0.6789
1163,19,47,99.09,HIGH,2208,864,2256,912,48,48,  34,0.49,1.00,0.7385
1164,19,48,99.87,HIGH,2256,864,2304,912,48,48,  29,0.49,1.00,0.7303
1165,19,49,99.96,HIGH,2304,864,2352,912,48,48,  16,0.49,1.00,0.6828
1166,19,50,99.91,HIGH,2352,864,2400,912,48,48,  10,0.49,1.00,0.6415
1167,19,51,100.00,HIGH,2400,864,2448,912,48,48,  11,0.49,1.00,0.6493
1168,19,52,99.96,HIGH,2448,864,2496,912,48,48,  13,0.49,1.00,0.6694
1169,19,53,98.57,HIGH,2496,864,2544,912,48,48,  17,1.00,1.00,0.7357
1170,19,54,99.48,HIGH,2544,864,2592,912,48,48,   5,1.00,1.00,0.6408
1171,19,55,49.87,MEDIUM,2592,864,2640,912,48,48,   4,1.00,0.20,0.1250
1187,20,9,19.75,MEDIUM,384,912,432,960,48,48,   0,1.00,0.20,0.0000
1191,20,13,14.58,MEDIUM,576,912,624,960,48,48,   0,1.00,0.20,0.0000
1192,20,14,65.32,MEDIUM,624,912,672,960,48,48,   0,1.00,0.20,0.0000
1193,20,15,82.07,HIGH,672,912,720,960,48,48,   0,1.00,1.00,0.0000
1194,20,16,84.16,HIGH,720,912,768,960,48,48,   0,1.00,1.00,0.1114
1195,20,17,87.07,HIGH,768,912,816,960,48,48,   0,1.00,1.00,0.2262
1196,20,18,82.77,HIGH,816,912,864,960,48,48,   0,1.00,1.00,0.2090
1197,20,19,82.86,HIGH,864,912,912,960,48,48,   0,1.00,1.00,0.0000
1198,20,20,40.23,MEDIUM,912,912,960,960,48,48,   0,1.00,0.20,0.0000
1211,20,33,88.59,HIGH,1536,912,1584,960,48,48,   0,1.00,1.00,0.1484
1212,20,34,92.80,HIGH,1584,912,1632,960,48,48,   0,1.00,1.00,0.0000
1213,20,35,89.28,HIGH,1632,912,1680,960,48,48,   0,1.00,1.00,0.0000
1214,20,36,89.71,HIGH,1680,912,1728,960,48,48,   0,1.00,1.00,0.0000
1215,20,37,80.82,HIGH,1728,912,1776,960,48,48,   0,1.00,1.00,0.0000
1216,20,38,70.62,MEDIUM,1776,912,1824,960,48,48,   0,1.00,0.20,0.0000
1217,20,39,80.69,HIGH,1824,912,1872,960,48,48,   0,1.00,1.00,0.0000
1218,20,40,72.79,MEDIUM,1872,912,1920,960,48,48,   0,1.00,0.20,0.0000
1219,20,41,88.67,HIGH,1920,912,1968,960,48,48,   0,1.00,1.00,0.0000
1220,20,42,89.50,HIGH,1968,912,2016,960,48,48,   0,1.00,1.00,0.0000
1221,20,43,91.15,HIGH,2016,912,2064,960,48,48,   0,1.00,1.00,0.0000
1222,20,44,91.28,HIGH,2064,912,2112,960,48,48,   0,1.00,1.00,0.0000
1223,20,45,94.84,HIGH,2112,912,2160,960,48,48, 175,1.00,1.00,0.8230
1224,20,46,94.31,HIGH,2160,912,2208,960,48,48,  18,1.00,1.00,0.7243
1225,20,47,99.57,HIGH,2208,912,2256,960,48,48,  59,0.49,1.00,0.7715
1226,20,48,99.91,HIGH,2256,912,2304,960,48,48,  41,0.49,1.00,0.7530
1227,20,49,100.00,HIGH,2304,912,2352,960,48,48,  33,0.49,1.00,0.7398
1228,20,50,100.00,HIGH,2352,912,2400,960,48,48,  16,0.49,1.00,0.6871
1229,20,51,99.87,HIGH,2400,912,2448,960,48,48,  12,0.49,1.00,0.6581
1230,20,52,99.87,HIGH,2448,912,2496,960,48,48,   7,1.00,1.00,0.6786
1231,20,53,98.91,HIGH,2496,912,2544,960,48,48,   4,1.00,1.00,0.6247
1232,20,54,99.65,HIGH,2544,912,2592,960,48,48,   5,1.00,1.00,0.6433
1233,20,55,69.57,MEDIUM,2592,912,2640,960,48,48,   4,1.00,0.20,0.2123
1250,21,10,39.06,MEDIUM,432,960,480,1008,48,48,   0,1.00,0.20,0.0000
1251,21,11,46.35,MEDIUM,480,960,528,1008,48,48,   0,1.00,0.20,0.0000
1252,21,12,20.23,MEDIUM,528,960,576,1008,48,48,   0,1.00,0.20,0.0000
1253,21,13,58.85,MEDIUM,576,960,624,1008,48,48,   0,1.00,0.20,0.0000
1254,21,14,57.90,MEDIUM,624,960,672,1008,48,48,   0,1.00,0.20,0.0000
1255,21,15,80.38,HIGH,672,960,720,1008,48,48,   0,1.00,1.00,0.0000
1256,21,16,89.24,HIGH,720,960,768,1008,48,48,   0,1.00,1.00,0.0000
1257,21,17,85.07,HIGH,768,960,816,1008,48,48,   1,1.00,1.00,0.3010
1258,21,18,79.73,MEDIUM,816,960,864,1008,48,48,   0,1.00,0.20,0.0000
1259,21,19,81.34,HIGH,864,960,912,1008,48,48,   0,1.00,1.00,0.0218
1260,21,20,82.29,HIGH,912,960,960,1008,48,48,   0,1.00,1.00,0.2071
1261,21,21,25.82,MEDIUM,960,960,1008,1008,48,48,   9,1.00,0.20,0.0651
1273,21,33,71.61,MEDIUM,1536,960,1584,1008,48,48,   0,1.00,0.20,0.0098
1274,21,34,68.32,MEDIUM,1584,960,1632,1008,48,48,   0,1.00,0.20,0.0000
1275,21,35,81.64,HIGH,1632,960,1680,1008,48,48,   0,1.00,1.00,0.0000
1276,21,36,84.81,HIGH,1680,960,1728,1008,48,48,   0,1.00,1.00,0.0000
1277,21,37,75.91,MEDIUM,1728,960,1776,1008,48,48,   0,1.00,0.20,0.0000
1278,21,38,73.00,MEDIUM,1776,960,1824,1008,48,48,   0,1.00,0.20,0.0000
1279,21,39,72.48,MEDIUM,1824,960,1872,1008,48,48,   0,1.00,0.20,0.0000
1280,21,40,82.38,HIGH,1872,960,1920,1008,48,48,   0,1.00,1.00,0.0000
1281,21,41,88.67,HIGH,1920,960,1968,1008,48,48,   6,1.00,1.00,0.6111
1282,21,42,88.45,HIGH,1968,960,2016,1008,48,48,   0,1.00,1.00,0.0000
1283,21,43,91.32,HIGH,2016,960,2064,1008,48,48,   0,1.00,1.00,0.0000
1284,21,44,92.75,HIGH,2064,960,2112,1008,48,48,   4,1.00,1.00,0.5906
1285,21,45,93.62,HIGH,2112,960,2160,1008,48,48,   1,1.00,1.00,0.4047
1286,21,46,95.57,HIGH,2160,960,2208,1008,48,48,  20,1.00,1.00,0.7356
1287,21,47,99.44,HIGH,2208,960,2256,1008,48,48,  41,1.00,1.00,0.7874
1288,21,48,99.91,HIGH,2256,960,2304,1008,48,48,  37,0.49,1.00,0.7462
1289,21,49,99.91,HIGH,2304,960,2352,1008,48,48,  20,1.00,1.00,0.7529
1290,21,50,100.00,HIGH,2352,960,2400,1008,48,48,   9,1.00,1.00,0.6947
1291,21,51,100.00,HIGH,2400,960,2448,1008,48,48,  15,0.49,1.00,0.6779
1292,21,52,99.87,HIGH,2448,960,2496,1008,48,48,   5,1.00,1.00,0.6498
1293,21,53,99.78,HIGH,2496,960,2544,1008,48,48,   6,1.00,1.00,0.6567
1294,21,54,99.83,HIGH,2544,960,2592,1008,48,48,   5,1.00,1.00,0.6313
1295,21,55,77.08,MEDIUM,2592,960,2640,1008,48,48,   6,1.00,0.20,0.3246
1314,22,12,52.95,MEDIUM,528,1008,576,1056,48,48,   0,1.00,0.20,0.0246
1315,22,13,83.98,HIGH,576,1008,624,1056,48,48,   0,1.00,1.00,0.0000
1316,22,14,86.59,HIGH,624,1008,672,1056,48,48,   0,1.00,1.00,0.0000
1317,22,15,86.85,HIGH,672,1008,720,1056,48,48,   0,1.00,1.00,0.0000
1318,22,16,82.47,HIGH,720,1008,768,1056,48,48,   0,1.00,1.00,0.0000
1319,22,17,79.04,MEDIUM,768,1008,816,1056,48,48,  50,1.00,0.20,0.5994
1320,22,18,81.68,HIGH,816,1008,864,1056,48,48,   0,1.00,1.00,0.0000
1321,22,19,84.11,HIGH,864,1008,912,1056,48,48,   0,1.00,1.00,0.0000
1322,22,20,88.45,HIGH,912,1008,960,1056,48,48,   1,1.00,1.00,0.4103
1323,22,21,73.13,MEDIUM,960,1008,1008,1056,48,48,  18,1.00,0.20,0.4461
1324,22,22,23.96,MEDIUM,1008,1008,1056,1056,48,48,   0,1.00,0.20,0.0000
1335,22,33,16.28,MEDIUM,1536,1008,1584,1056,48,48,   0,1.00,0.20,0.0000
1336,22,34,52.26,MEDIUM,1584,1008,1632,1056,48,48,   0,1.00,0.20,0.0000
1337,22,35,83.16,HIGH,1632,1008,1680,1056,48,48,   2,1.00,1.00,0.4608
1338,22,36,88.76,HIGH,1680,1008,1728,1056,48,48,   0,1.00,1.00,0.0000
1339,22,37,86.76,HIGH,1728,1008,1776,1056,48,48,   0,1.00,1.00,0.0000
1340,22,38,81.03,HIGH,1776,1008,1824,1056,48,48,   0,1.00,1.00,0.2021
1341,22,39,19.75,MEDIUM,1824,1008,1872,1056,48,48,   0,1.00,0.20,0.0000
1342,22,40,17.23,MEDIUM,1872,1008,1920,1056,48,48,   0,1.00,0.20,0.0000
1343,22,41,21.70,MEDIUM,1920,1008,1968,1056,48,48,   0,1.00,0.20,0.0000
1344,22,42,70.53,MEDIUM,1968,1008,2016,1056,48,48,   0,1.00,0.20,0.0428
1345,22,43,84.77,HIGH,2016,1008,2064,1056,48,48,   0,1.00,1.00,0.0000
1346,22,44,86.98,HIGH,2064,1008,2112,1056,48,48,   0,1.00,1.00,0.0000
1347,22,45,88.67,HIGH,2112,1008,2160,1056,48,48,   0,1.00,1.00,0.0000
1348,22,46,94.92,HIGH,2160,1008,2208,1056,48,48,  42,1.00,1.00,0.7725
1349,22,47,97.74,HIGH,2208,1008,2256,1056,48,48,  41,1.00,1.00,0.7809
1350,22,48,99.83,HIGH,2256,1008,2304,1056,48,48,  24,0.49,1.00,0.7165
1351,22,49,100.00,HIGH,2304,1008,2352,1056,48,48,  11,0.49,1.00,0.6451
1352,22,50,100.00,HIGH,2352,1008,2400,1056,48,48,  16,0.49,1.00,0.6864
1353,22,51,99.96,HIGH,2400,1008,2448,1056,48,48,  11,0.49,1.00,0.6467
1354,22,52,99.87,HIGH,2448,1008,2496,1056,48,48,   4,0.49,1.00,0.5295
1355,22,53,99.44,HIGH,2496,1008,2544,1056,48,48,   4,0.49,1.00,0.5202
1356,22,54,99.96,HIGH,2544,1008,2592,1056,48,48,   4,1.00,1.00,0.6045
1357,22,55,78.82,MEDIUM,2592,1008,2640,1056,48,48,   6,1.00,0.20,0.3165
1375,23,11,62.24,MEDIUM,480,1056,528,1104,48,48,   0,1.00,0.20,0.0000
1376,23,12,85.24,HIGH,528,1056,576,1104,48,48,   0,1.00,1.00,0.0000
1377,23,13,86.28,HIGH,576,1056,624,1104,48,48,   0,1.00,1.00,0.0000
1378,23,14,83.38,HIGH,624,1056,672,1104,48,48,   0,1.00,1.00,0.0000
1379,23,15,86.85,HIGH,672,1056,720,1104,48,48,   0,1.00,1.00,0.0000
1380,23,16,88.15,HIGH,720,1056,768,1104,48,48,   0,1.00,1.00,0.0000
1381,23,17,88.76,HIGH,768,1056,816,1104,48,48,   0,1.00,1.00,0.0000
1382,23,18,88.41,HIGH,816,1056,864,1104,48,48,   0,1.00,1.00,0.0000
1383,23,19,85.42,HIGH,864,1056,912,1104,48,48,   0,1.00,1.00,0.0000
1384,23,20,87.02,HIGH,912,1056,960,1104,48,48,   0,1.00,1.00,0.0000
1385,23,21,87.54,HIGH,960,1056,1008,1104,48,48,   0,1.00,1.00,0.0000
1386,23,22,86.55,HIGH,1008,1056,1056,1104,48,48,   0,1.00,1.00,0.0000
1387,23,23,23.09,MEDIUM,1056,1056,1104,1104,48,48,   0,1.00,0.20,0.0000
1398,23,34,58.85,MEDIUM,1584,1056,1632,1104,48,48,   0,1.00,0.20,0.0000
1399,23,35,86.46,HIGH,1632,1056,1680,1104,48,48,   0,1.00,1.00,0.0000
1400,23,36,89.45,HIGH,1680,1056,1728,1104,48,48,   0,1.00,1.00,0.0000
1401,23,37,83.51,HIGH,1728,1056,1776,1104,48,48,   0,1.00,1.00,0.0000
1402,23,38,67.19,MEDIUM,1776,1056,1824,1104,48,48,   0,1.00,0.20,0.0000
1403,23,39,59.03,MEDIUM,1824,1056,1872,1104,48,48,   5,1.00,0.20,0.1952
1404,23,40,86.72,HIGH,1872,1056,1920,1104,48,48,   0,1.00,1.00,0.0000
1405,23,41,87.41,HIGH,1920,1056,1968,1104,48,48,   0,1.00,1.00,0.0000
1406,23,42,85.59,HIGH,1968,1056,2016,1104,48,48,   1,1.00,1.00,0.3086
1407,23,43,85.68,HIGH,2016,1056,2064,1104,48,48,   1,1.00,1.00,0.2642
1408,23,44,86.76,HIGH,2064,1056,2112,1104,48,48,   0,1.00,1.00,0.0000
1409,23,45,93.01,HIGH,2112,1056,2160,1104,48,48,  21,1.00,1.00,0.7268
1410,23,46,93.62,HIGH,2160,1056,2208,1104,48,48,   1,1.00,1.00,0.4084
1411,23,47,98.91,HIGH,2208,1056,2256,1104,48,48,  35,1.00,1.00,0.7778
1412,23,48,100.00,HIGH,2256,1056,2304,1104,48,48,  25,0.49,1.00,0.7222
1413,23,49,99.96,HIGH,2304,1056,2352,1104,48,48,  17,0.49,1.00,0.6911
1414,23,50,99.91,HIGH,2352,1056,2400,1104,48,48,   9,0.49,1.00,0.6296
1415,23,51,99.70,HIGH,2400,1056,2448,1104,48,48,   6,0.49,1.00,0.5736
1416,23,52,99.35,HIGH,2448,1056,2496,1104,48,48,   5,0.49,1.00,0.5519
1417,23,53,99.39,HIGH,2496,1056,2544,1104,48,48,   6,0.49,1.00,0.5842
1418,23,54,99.31,HIGH,2544,1056,2592,1104,48,48,  10,1.00,1.00,0.6988
1419,23,55,69.62,MEDIUM,2592,1056,2640,1104,48,48,   5,1.00,0.20,0.2611
1436,24,10,35.46,MEDIUM,432,1104,480,1152,48,48,   0,1.00,0.20,0.0000
1437,24,11,86.59,HIGH,480,1104,528,1152,48,48,   0,1.00,1.00,0.0000
1438,24,12,88.02,HIGH,528,1104,576,1152,48,48,   0,1.00,1.00,0.0000
1439,24,13,89.89,HIGH,576,1104,624,1152,48,48,   0,1.00,1.00,0.0000
1440,24,14,86.11,HIGH,624,1104,672,1152,48,48,   0,1.00,1.00,0.0000
1441,24,15,93.45,HIGH,672,1104,720,1152,48,48,   0,1.00,1.00,0.0000
1442,24,16,88.54,HIGH,720,1104,768,1152,48,48,   0,1.00,1.00,0.0000
1443,24,17,92.58,HIGH,768,1104,816,1152,48,48,   0,1.00,1.00,0.0000
1444,24,18,91.45,HIGH,816,1104,864,1152,48,48,   0,1.00,1.00,0.0000
1445,24,19,88.89,HIGH,864,1104,912,1152,48,48,   0,1.00,1.00,0.0000
1446,24,20,90.28,HIGH,912,1104,960,1152,48,48,   0,1.00,1.00,0.0000
1447,24,21,87.93,HIGH,960,1104,1008,1152,48,48,   0,1.00,1.00,0.0000
1448,24,22,72.74,MEDIUM,1008,1104,1056,1152,48,48,   0,1.00,0.20,0.0000
1449,24,23,80.60,HIGH,1056,1104,1104,1152,48,48,   0,1.00,1.00,0.0000
1460,24,34,50.35,MEDIUM,1584,1104,1632,1152,48,48,   0,1.00,0.20,0.0065
1461,24,35,92.27,HIGH,1632,1104,1680,1152,48,48,   0,1.00,1.00,0.0000
1462,24,36,86.15,HIGH,1680,1104,1728,1152,48,48,   0,1.00,1.00,0.0000
1463,24,37,82.42,HIGH,1728,1104,1776,1152,48,48,   0,1.00,1.00,0.0000
1464,24,38,76.17,MEDIUM,1776,1104,1824,1152,48,48,  33,1.00,0.20,0.5399
1466,24,40,58.90,MEDIUM,1872,1104,1920,1152,48,48,   0,1.00,0.20,0.0000
1467,24,41,80.47,HIGH,1920,1104,1968,1152,48,48,   0,1.00,1.00,0.0000
1468,24,42,64.45,MEDIUM,1968,1104,2016,1152,48,48,  27,1.00,0.20,0.4363
1469,24,43,81.29,HIGH,2016,1104,2064,1152,48,48,   6,1.00,1.00,0.5562
1470,24,44,89.93,HIGH,2064,1104,2112,1152,48,48,   0,1.00,1.00,0.0265
1471,24,45,92.32,HIGH,2112,1104,2160,1152,48,48,   0,1.00,1.00,0.0000
1472,24,46,91.45,HIGH,2160,1104,2208,1152,48,48,  25,1.00,1.00,0.7313
1473,24,47,98.87,HIGH,2208,1104,2256,1152,48,48,  47,1.00,1.00,0.7912
1474,24,48,99.78,HIGH,2256,1104,2304,1152,48,48,  50,0.49,1.00,0.7633
1475,24,49,99.96,HIGH,2304,1104,2352,1152,48,48,  12,0.49,1.00,0.6602
1476,24,50,99.96,HIGH,2352,1104,2400,1152,48,48,   6,1.00,1.00,0.6569
1477,24,51,99.48,HIGH,2400,1104,2448,1152,48,48,   9,0.49,1.00,0.6197
1478,24,52,99.26,HIGH,2448,1104,2496,1152,48,48,   5,0.16,1.00,0.3683
1479,24,53,99.74,HIGH,2496,1104,2544,1152,48,48,   5,1.00,1.00,0.6396
1480,24,54,99.61,HIGH,2544,1104,2592,1152,48,48,  10,1.00,1.00,0.7045
1481,24,55,41.75,MEDIUM,2592,1104,2640,1152,48,48,   3,1.00,0.20,0.0760
1498,25,10,19.31,MEDIUM,432,1152,480,1200,48,48,   0,1.00,0.20,0.0000
1499,25,11,87.15,HIGH,480,1152,528,1200,48,48,   0,1.00,1.00,0.0000
1500,25,12,92.10,HIGH,528,1152,576,1200,48,48,   0,1.00,1.00,0.0000
1501,25,13,85.50,HIGH,576,1152,624,1200,48,48,   0,1.00,1.00,0.0000
1502,25,14,90.93,HIGH,624,1152,672,1200,48,48,   0,1.00,1.00,0.0000
1503,25,15,84.55,HIGH,672,1152,720,1200,48,48,   1,1.00,1.00,0.3766
1504,25,16,86.02,HIGH,720,1152,768,1200,48,48,   0,1.00,1.00,0.0000
1505,25,17,89.41,HIGH,768,1152,816,1200,48,48,   0,1.00,1.00,0.0000
1506,25,18,93.36,HIGH,816,1152,864,1200,48,48,   0,1.00,1.00,0.0000
1507,25,19,91.10,HIGH,864,1152,912,1200,48,48,   0,1.00,1.00,0.0000
1508,25,20,92.80,HIGH,912,1152,960,1200,48,48,   0,1.00,1.00,0.0000
1509,25,21,87.98,HIGH,960,1152,1008,1200,48,48,   0,1.00,1.00,0.0000
1510,25,22,59.64,MEDIUM,1008,1152,1056,1200,48,48,   0,1.00,0.20,0.0310
1511,25,23,84.98,HIGH,1056,1152,1104,1200,48,48,   0,1.00,1.00,0.0000
1512,25,24,67.97,MEDIUM,1104,1152,1152,1200,48,48,   0,1.00,0.20,0.0000
1521,25,33,16.88,MEDIUM,1536,1152,1584,1200,48,48,   0,1.00,0.20,0.0000
1522,25,34,65.49,MEDIUM,1584,1152,1632,1200,48,48,   0,1.00,0.20,0.0000
1523,25,35,33.29,MEDIUM,1632,1152,1680,1200,48,48,   0,1.00,0.20,0.0000
1524,25,36,18.58,MEDIUM,1680,1152,1728,1200,48,48,   0,1.00,0.20,0.0000
1525,25,37,23.48,MEDIUM,1728,1152,1776,1200,48,48,   0,1.00,0.20,0.0000
1526,25,38,44.79,MEDIUM,1776,1152,1824,1200,48,48,   7,1.00,0.20,0.1453
1527,25,39,39.41,MEDIUM,1824,1152,1872,1200,48,48,   7,1.00,0.20,0.1182
1528,25,40,74.31,MEDIUM,1872,1152,1920,1200,48,48,   0,1.00,0.20,0.0000
1529,25,41,86.68,HIGH,1920,1152,1968,1200,48,48,   1,1.00,1.00,0.3259
1530,25,42,89.50,HIGH,1968,1152,2016,1200,48,48,  22,1.00,1.00,0.7159
1531,25,43,91.41,HIGH,2016,1152,2064,1200,48,48,   0,1.00,1.00,0.0000
1532,25,44,77.56,MEDIUM,2064,1152,2112,1200,48,48,  29,1.00,0.20,0.5337
1533,25,45,84.94,HIGH,2112,1152,2160,1200,48,48,   8,1.00,1.00,0.6169
1534,25,46,87.02,HIGH,2160,1152,2208,1200,48,48, 222,1.00,1.00,0.8037
1535,25,47,98.18,HIGH,2208,1152,2256,1200,48,48, 208,1.00,1.00,0.8374
1536,25,48,99.18,HIGH,2256,1152,2304,1200,48,48,  16,1.00,1.00,0.7350
1537,25,49,99.48,HIGH,2304,1152,2352,1200,48,48,  21,1.00,1.00,0.7549
1538,25,50,99.57,HIGH,2352,1152,2400,1200,48,48,   7,1.00,1.00,0.6774
1539,25,51,99.09,HIGH,2400,1152,2448,1200,48,48,  13,0.49,1.00,0.6603
1540,25,52,99.61,HIGH,2448,1152,2496,1200,48,48,  11,1.00,1.00,0.7118
1541,25,53,99.22,HIGH,2496,1152,2544,1200,48,48,   4,0.49,1.00,0.5149
1542,25,54,99.78,HIGH,2544,1152,2592,1200,48,48,   8,1.00,1.00,0.6866
1543,25,55,33.81,MEDIUM,2592,1152,2640,1200,48,48,   2,1.00,0.20,0.0320
1560,26,10,26.74,MEDIUM,432,1200,480,1248,48,48,   0,1.00,0.20,0.0000
1561,26,11,25.09,MEDIUM,480,1200,528,1248,48,48,   0,1.00,0.20,0.0000
1562,26,12,77.13,MEDIUM,528,1200,576,1248,48,48,   0,1.00,0.20,0.0000
1563,26,13,89.06,HIGH,576,1200,624,1248,48,48,   0,1.00,1.00,0.0000
1564,26,14,87.20,HIGH,624,1200,672,1248,48,48,   0,1.00,1.00,0.0000
1565,26,15,89.71,HIGH,672,1200,720,1248,48,48,   0,1.00,1.00,0.0000
1566,26,16,91.97,HIGH,720,1200,768,1248,48,48,   0,1.00,1.00,0.0000
1567,26,17,92.10,HIGH,768,1200,816,1248,48,48,   0,1.00,1.00,0.0000
1568,26,18,91.67,HIGH,816,1200,864,1248,48,48,   0,1.00,1.00,0.0000
1569,26,19,91.71,HIGH,864,1200,912,1248,48,48,   0,1.00,1.00,0.0000
1570,26,20,93.49,HIGH,912,1200,960,1248,48,48,   0,1.00,1.00,0.0000
1571,26,21,94.40,HIGH,960,1200,1008,1248,48,48,   0,1.00,1.00,0.0000
1572,26,22,82.34,HIGH,1008,1200,1056,1248,48,48,   0,1.00,1.00,0.0000
1573,26,23,78.08,MEDIUM,1056,1200,1104,1248,48,48,   0,1.00,0.20,0.0000
1574,26,24,86.50,HIGH,1104,1200,1152,1248,48,48,   0,1.00,1.00,0.0000
1575,26,25,65.67,MEDIUM,1152,1200,1200,1248,48,48,   0,1.00,0.20,0.0000
1583,26,33,63.15,MEDIUM,1536,1200,1584,1248,48,48,   0,1.00,0.20,0.0000
1584,26,34,85.63,HIGH,1584,1200,1632,1248,48,48,   0,1.00,1.00,0.0000
1585,26,35,71.66,MEDIUM,1632,1200,1680,1248,48,48,   0,1.00,0.20,0.0441
1586,26,36,72.83,MEDIUM,1680,1200,1728,1248,48,48,   0,1.00,0.20,0.0288
1587,26,37,47.48,MEDIUM,1728,1200,1776,1248,48,48,  23,1.00,0.20,0.2810
1588,26,38,75.39,MEDIUM,1776,1200,1824,1248,48,48,   1,1.00,0.20,0.1181
1589,26,39,86.59,HIGH,1824,1200,1872,1248,48,48,   0,1.00,1.00,0.0000
1590,26,40,86.46,HIGH,1872,1200,1920,1248,48,48,  19,1.00,1.00,0.6918
1591,26,41,77.21,MEDIUM,1920,1200,1968,1248,48,48,  89,1.00,0.20,0.6362
1592,26,42,82.34,HIGH,1968,1200,2016,1248,48,48,   0,1.00,1.00,0.0000
1593,26,43,82.20,HIGH,2016,1200,2064,1248,48,48,   0,1.00,1.00,0.0765
1594,26,44,78.99,MEDIUM,2064,1200,2112,1248,48,48,  25,1.00,0.20,0.5301
1595,26,45,74.74,MEDIUM,2112,1200,2160,1248,48,48,  63,1.00,0.20,0.5929
1596,26,46,88.19,HIGH,2160,1200,2208,1248,48,48,  54,1.00,1.00,0.7573
1597,26,47,96.31,HIGH,2208,1200,2256,1248,48,48,  66,1.00,1.00,0.7959
1598,26,48,98.74,HIGH,2256,1200,2304,1248,48,48,  30,1.00,1.00,0.7705
1599,26,49,99.13,HIGH,2304,1200,2352,1248,48,48,  15,1.00,1.00,0.7300
1600,26,50,98.61,HIGH,2352,1200,2400,1248,48,48,   5,0.49,1.00,0.5530
1601,26,51,99.26,HIGH,2400,1200,2448,1248,48,48,   7,0.49,1.00,0.5989
1602,26,52,99.35,HIGH,2448,1200,2496,1248,48,48,   8,1.00,1.00,0.6805
1603,26,53,99.87,HIGH,2496,1200,2544,1248,48,48,   7,1.00,1.00,0.6719
1604,26,54,99.96,HIGH,2544,1200,2592,1248,48,48,  12,0.49,1.00,0.6552
1605,26,55,18.71,MEDIUM,2592,1200,2640,1248,48,48,   1,1.00,0.20,0.0035
1624,27,12,77.56,MEDIUM,528,1248,576,1296,48,48,   0,1.00,0.20,0.0000
1625,27,13,83.51,HIGH,576,1248,624,1296,48,48,   0,1.00,1.00,0.0000
1626,27,14,87.02,HIGH,624,1248,672,1296,48,48,   0,1.00,1.00,0.0000
1627,27,15,90.15,HIGH,672,1248,720,1296,48,48,   0,1.00,1.00,0.0000
1628,27,16,93.71,HIGH,720,1248,768,1296,48,48, 196,1.00,1.00,0.8227
1629,27,17,87.76,HIGH,768,1248,816,1296,48,48,  47,1.00,1.00,0.7492
1630,27,18,89.58,HIGH,816,1248,864,1296,48,48,   3,1.00,1.00,0.5324
1631,27,19,93.06,HIGH,864,1248,912,1296,48,48,   0,1.00,1.00,0.0000
1632,27,20,97.22,HIGH,912,1248,960,1296,48,48,   0,0.49,1.00,0.0000
1633,27,21,97.35,HIGH,960,1248,1008,1296,48,48,  73,1.00,1.00,0.8031
1634,27,22,90.02,HIGH,1008,1248,1056,1296,48,48,  78,1.00,1.00,0.7796
1635,27,23,81.90,HIGH,1056,1248,1104,1296,48,48,  80,1.00,1.00,0.7467
1636,27,24,87.85,HIGH,1104,1248,1152,1296,48,48,   0,1.00,1.00,0.0000
1637,27,25,94.53,HIGH,1152,1248,1200,1296,48,48,   0,1.00,1.00,0.0000
1638,27,26,30.47,MEDIUM,1200,1248,1248,1296,48,48,   0,1.00,0.20,0.0000
1645,27,33,21.79,MEDIUM,1536,1248,1584,1296,48,48,   7,1.00,0.20,0.0381
1646,27,34,84.55,HIGH,1584,1248,1632,1296,48,48,   0,1.00,1.00,0.2161
1647,27,35,83.94,HIGH,1632,1248,1680,1296,48,48,   0,1.00,1.00,0.0000
1648,27,36,84.11,HIGH,1680,1248,1728,1296,48,48,   0,1.00,1.00,0.0000
1649,27,37,78.34,MEDIUM,1728,1248,1776,1296,48,48,   0,1.00,0.20,0.0156
1650,27,38,89.28,HIGH,1776,1248,1824,1296,48,48,   0,1.00,1.00,0.0000
1651,27,39,81.55,HIGH,1824,1248,1872,1296,48,48,   0,1.00,1.00,0.0000
1652,27,40,83.72,HIGH,1872,1248,1920,1296,48,48,  46,1.00,1.00,0.7300
1653,27,41,89.11,HIGH,1920,1248,1968,1296,48,48, 101,1.00,1.00,0.7859
1654,27,42,83.85,HIGH,1968,1248,2016,1296,48,48,   5,1.00,1.00,0.5535
1655,27,43,75.87,MEDIUM,2016,1248,2064,1296,48,48,   2,1.00,0.20,0.1594
1656,27,44,86.24,HIGH,2064,1248,2112,1296,48,48,   0,1.00,1.00,0.0000
1657,27,45,90.93,HIGH,2112,1248,2160,1296,48,48, 155,1.00,1.00,0.8067
1658,27,46,94.36,HIGH,2160,1248,2208,1296,48,48,  50,1.00,1.00,0.7774
1659,27,47,98.78,HIGH,2208,1248,2256,1296,48,48,  62,1.00,1.00,0.8017
1660,27,48,90.15,HIGH,2256,1248,2304,1296,48,48,  17,1.00,1.00,0.7030
1661,27,49,99.39,HIGH,2304,1248,2352,1296,48,48,  17,1.00,1.00,0.7394
1662,27,50,99.52,HIGH,2352,1248,2400,1296,48,48,  12,1.00,1.00,0.7192
1663,27,51,99.18,HIGH,2400,1248,2448,1296,48,48,   6,1.00,1.00,0.6587
1664,27,52,99.65,HIGH,2448,1248,2496,1296,48,48,  10,1.00,1.00,0.7010
1665,27,53,99.26,HIGH,2496,1248,2544,1296,48,48,  19,1.00,1.00,0.7462
1666,27,54,73.96,MEDIUM,2544,1248,2592,1296,48,48,  11,1.00,0.20,0.3934
1684,28,10,39.24,MEDIUM,432,1296,480,1344,48,48,   0,1.00,0.20,0.0137
1686,28,12,60.85,MEDIUM,528,1296,576,1344,48,48,   0,1.00,0.20,0.0000
1687,28,13,84.64,HIGH,576,1296,624,1344,48,48,   0,1.00,1.00,0.0000
1688,28,14,85.85,HIGH,624,1296,672,1344,48,48,   0,1.00,1.00,0.0000
1689,28,15,69.75,MEDIUM,672,1296,720,1344,48,48,   9,1.00,0.20,0.3356
1690,28,16,87.93,HIGH,720,1296,768,1344,48,48,  22,1.00,1.00,0.7092
1691,28,17,92.36,HIGH,768,1296,816,1344,48,48,   0,1.00,1.00,0.0000
1692,28,18,94.79,HIGH,816,1296,864,1344,48,48,  40,1.00,1.00,0.7694
1693,28,19,94.84,HIGH,864,1296,912,1344,48,48,  16,1.00,1.00,0.7164
1694,28,20,95.92,HIGH,912,1296,960,1344,48,48,   0,1.00,1.00,0.0000
1695,28,21,96.70,HIGH,960,1296,1008,1344,48,48,  41,1.00,1.00,0.7778
1696,28,22,99.00,HIGH,1008,1296,1056,1344,48,48,  45,1.00,1.00,0.7894
1697,28,23,93.01,HIGH,1056,1296,1104,1344,48,48,  49,1.00,1.00,0.7715
1698,28,24,91.58,HIGH,1104,1296,1152,1344,48,48,   1,1.00,1.00,0.4147
1699,28,25,94.53,HIGH,1152,1296,1200,1344,48,48,   0,1.00,1.00,0.0000
1700,28,26,75.04,MEDIUM,1200,1296,1248,1344,48,48,   0,1.00,0.20,0.0000
1708,28,34,75.22,MEDIUM,1584,1296,1632,1344,48,48,  68,1.00,0.20,0.6031
1709,28,35,81.86,HIGH,1632,1296,1680,1344,48,48,   0,1.00,1.00,0.0000
1710,28,36,83.29,HIGH,1680,1296,1728,1344,48,48,   0,1.00,1.00,0.0000
1711,28,37,79.86,MEDIUM,1728,1296,1776,1344,48,48,  18,1.00,0.20,0.4956
1712,28,38,83.98,HIGH,1776,1296,1824,1344,48,48,   0,1.00,1.00,0.0000
1713,28,39,81.42,HIGH,1824,1296,1872,1344,48,48,   0,1.00,1.00,0.0000
1714,28,40,84.07,HIGH,1872,1296,1920,1344,48,48,   0,1.00,1.00,0.0000
1715,28,41,87.46,HIGH,1920,1296,1968,1344,48,48,   0,1.00,1.00,0.0000
1716,28,42,93.32,HIGH,1968,1296,2016,1344,48,48,   0,1.00,1.00,0.0000
1717,28,43,88.19,HIGH,2016,1296,2064,1344,48,48,   8,1.00,1.00,0.6346
1718,28,44,85.24,HIGH,2064,1296,2112,1344,48,48,   0,1.00,1.00,0.0000
1719,28,45,87.67,HIGH,2112,1296,2160,1344,48,48,   0,1.00,1.00,0.0000
1720,28,46,88.72,HIGH,2160,1296,2208,1344,48,48,   0,1.00,1.00,0.0258
1721,28,47,97.18,HIGH,2208,1296,2256,1344,48,48,   7,1.00,1.00,0.6578
1722,28,48,97.79,HIGH,2256,1296,2304,1344,48,48,   2,1.00,1.00,0.5226
1723,28,49,98.74,HIGH,2304,1296,2352,1344,48,48,  65,1.00,1.00,0.8032
1724,28,50,89.02,HIGH,2352,1296,2400,1344,48,48,  16,1.00,1.00,0.6920
1725,28,51,99.22,HIGH,2400,1296,2448,1344,48,48,  16,1.00,1.00,0.7342
1726,28,52,97.92,HIGH,2448,1296,2496,1344,48,48,  15,1.00,1.00,0.7245
1727,28,53,60.85,MEDIUM,2496,1296,2544,1344,48,48,   5,1.00,0.20,0.2092
1746,29,10,32.99,MEDIUM,432,1344,480,1392,48,48,   4,1.00,0.20,0.0584
1747,29,11,78.43,MEDIUM,480,1344,528,1392,48,48,   0,1.00,0.20,0.0156
1748,29,12,81.47,HIGH,528,1344,576,1392,48,48,   0,1.00,1.00,0.0000
1749,29,13,88.19,HIGH,576,1344,624,1392,48,48,   0,1.00,1.00,0.0000
1750,29,14,88.45,HIGH,624,1344,672,1392,48,48,   0,1.00,1.00,0.0000
1751,29,15,90.32,HIGH,672,1344,720,1392,48,48,   0,1.00,1.00,0.0000
1752,29,16,92.97,HIGH,720,1344,768,1392,48,48,   0,1.00,1.00,0.0000
1753,29,17,94.10,HIGH,768,1344,816,1392,48,48,   0,1.00,1.00,0.0000
1754,29,18,93.88,HIGH,816,1344,864,1392,48,48,   8,1.00,1.00,0.6582
1755,29,19,96.74,HIGH,864,1344,912,1392,48,48,  35,1.00,1.00,0.7697
1756,29,20,96.57,HIGH,912,1344,960,1392,48,48,   0,1.00,1.00,0.0000
1757,29,21,98.74,HIGH,960,1344,1008,1392,48,48,  59,1.00,1.00,0.7994
1758,29,22,92.23,HIGH,1008,1344,1056,1392,48,48,  33,1.00,1.00,0.7497
1759,29,23,94.62,HIGH,1056,1344,1104,1392,48,48,  38,1.00,1.00,0.7659
1760,29,24,90.06,HIGH,1104,1344,1152,1392,48,48,   4,1.00,1.00,0.5720
1761,29,25,94.10,HIGH,1152,1344,1200,1392,48,48,   0,1.00,1.00,0.0000
1762,29,26,94.79,HIGH,1200,1344,1248,1392,48,48,   0,1.00,1.00,0.0000
1763,29,27,47.74,MEDIUM,1248,1344,1296,1392,48,48,   0,1.00,0.20,0.0000
1770,29,34,27.13,MEDIUM,1584,1344,1632,1392,48,48,   0,1.00,0.20,0.0000
1771,29,35,75.69,MEDIUM,1632,1344,1680,1392,48,48,   7,1.00,0.20,0.3301
1772,29,36,81.16,HIGH,1680,1344,1728,1392,48,48,   0,1.00,1.00,0.0000
1773,29,37,74.91,MEDIUM,1728,1344,1776,1392,48,48,   0,1.00,0.20,0.0000
1774,29,38,74.91,MEDIUM,1776,1344,1824,1392,48,48,  11,1.00,0.20,0.3924
1775,29,39,84.42,HIGH,1824,1344,1872,1392,48,48,   0,1.00,1.00,0.0000
1776,29,40,77.60,MEDIUM,1872,1344,1920,1392,48,48,   0,1.00,0.20,0.0000
1777,29,41,86.24,HIGH,1920,1344,1968,1392,48,48,   1,1.00,1.00,0.2960
1778,29,42,87.41,HIGH,1968,1344,2016,1392,48,48,   4,1.00,1.00,0.5552
1779,29,43,81.86,HIGH,2016,1344,2064,1392,48,48,   0,1.00,1.00,0.0000
1780,29,44,80.90,HIGH,2064,1344,2112,1392,48,48,   9,1.00,1.00,0.6059
1781,29,45,86.15,HIGH,2112,1344,2160,1392,48,48,   4,1.00,1.00,0.5354
1782,29,46,91.19,HIGH,2160,1344,2208,1392,48,48,   0,1.00,1.00,0.0000
1783,29,47,97.31,HIGH,2208,1344,2256,1392,48,48,   7,1.00,1.00,0.6563
1784,29,48,96.48,HIGH,2256,1344,2304,1392,48,48,   7,1.00,1.00,0.6625
1785,29,49,98.78,HIGH,2304,1344,2352,1392,48,48,  10,1.00,1.00,0.7035
1786,29,50,24.18,MEDIUM,2352,1344,2400,1392,48,48,  34,1.00,0.20,0.1068
1787,29,51,24.44,MEDIUM,2400,1344,2448,1392,48,48,  22,1.00,0.20,0.0917
1806,30,8,29.95,MEDIUM,336,1392,384,1440,48,48,   4,1.00,0.20,0.0544
1807,30,9,76.78,MEDIUM,384,1392,432,1440,48,48,   5,1.00,0.20,0.3032
1808,30,10,78.99,MEDIUM,432,1392,480,1440,48,48,   0,1.00,0.20,0.0531
1809,30,11,70.44,MEDIUM,480,1392,528,1440,48,48,   2,1.00,0.20,0.1557
1810,30,12,87.07,HIGH,528,1392,576,1440,48,48,   0,1.00,1.00,0.0000
1811,30,13,41.80,MEDIUM,576,1392,624,1440,48,48,   0,1.00,0.20,0.0000
1812,30,14,87.54,HIGH,624,1392,672,1440,48,48,   0,1.00,1.00,0.0000
1813,30,15,89.89,HIGH,672,1392,720,1440,48,48,   0,1.00,1.00,0.0000
1814,30,16,92.19,HIGH,720,1392,768,1440,48,48,   0,1.00,1.00,0.0000
1815,30,17,95.18,HIGH,768,1392,816,1440,48,48,   0,1.00,1.00,0.0000
1816,30,18,97.01,HIGH,816,1392,864,1440,48,48,   6,1.00,1.00,0.6471
1817,30,19,96.66,HIGH,864,1392,912,1440,48,48,   3,1.00,1.00,0.5815
1818,30,20,94.40,HIGH,912,1392,960,1440,48,48,   3,1.00,1.00,0.5435
1819,30,21,96.70,HIGH,960,1392,1008,1440,48,48,  34,1.00,1.00,0.7686
1820,30,22,97.22,HIGH,1008,1392,1056,1440,48,48,  59,1.00,1.00,0.7950
1821,30,23,96.44,HIGH,1056,1392,1104,1440,48,48,  57,1.00,1.00,0.7910
1822,30,24,93.19,HIGH,1104,1392,1152,1440,48,48,   0,1.00,1.00,0.0000
1823,30,25,96.14,HIGH,1152,1392,1200,1440,48,48,   0,1.00,1.00,0.0000
1824,30,26,91.88,HIGH,1200,1392,1248,1440,48,48,  16,1.00,1.00,0.7047
1825,30,27,88.85,HIGH,1248,1392,1296,1440,48,48, 260,1.00,1.00,0.8146
1834,30,36,28.17,MEDIUM,1680,1392,1728,1440,48,48,   0,1.00,0.20,0.0000
1835,30,37,30.16,MEDIUM,1728,1392,1776,1440,48,48,   0,1.00,0.20,0.0000
1836,30,38,51.35,MEDIUM,1776,1392,1824,1440,48,48,  68,1.00,0.20,0.4135
1837,30,39,87.33,HIGH,1824,1392,1872,1440,48,48, 142,1.00,1.00,0.7910
1838,30,40,82.42,HIGH,1872,1392,1920,1440,48,48,  57,1.00,1.00,0.7340
1839,30,41,87.72,HIGH,1920,1392,1968,1440,48,48,   0,1.00,1.00,0.0000
1840,30,42,91.19,HIGH,1968,1392,2016,1440,48,48,   1,1.00,1.00,0.3108
1841,30,43,66.23,MEDIUM,2016,1392,2064,1440,48,48,   2,1.00,0.20,0.1403
1842,30,44,87.20,HIGH,2064,1392,2112,1440,48,48,  19,1.00,1.00,0.6949
1843,30,45,94.88,HIGH,2112,1392,2160,1440,48,48,   8,1.00,1.00,0.6611
1844,30,46,91.10,HIGH,2160,1392,2208,1440,48,48,   6,1.00,1.00,0.6187
1845,30,47,97.70,HIGH,2208,1392,2256,1440,48,48,  52,1.00,1.00,0.7911
1846,30,48,98.52,HIGH,2256,1392,2304,1440,48,48,  33,0.49,1.00,0.7350
1847,30,49,64.24,MEDIUM,2304,1392,2352,1440,48,48,  13,1.00,0.20,0.3470
1867,31,7,41.80,MEDIUM,288,1440,336,1488,48,48,   0,1.00,0.20,0.0000
1868,31,8,77.04,MEDIUM,336,1440,384,1488,48,48,   0,1.00,0.20,0.0000
1869,31,9,85.55,HIGH,384,1440,432,1488,48,48,   0,1.00,1.00,0.0000
1870,31,10,55.34,MEDIUM,432,1440,480,1488,48,48,   0,1.00,0.20,0.0000
1871,31,11,78.21,MEDIUM,480,1440,528,1488,48,48,  19,1.00,0.20,0.4906
1872,31,12,84.24,HIGH,528,1440,576,1488,48,48,   0,1.00,1.00,0.0000
1873,31,13,59.81,MEDIUM,576,1440,624,1488,48,48,  44,1.00,0.20,0.4494
1874,31,14,62.07,MEDIUM,624,1440,672,1488,48,48,  17,1.00,0.20,0.3597
1875,31,15,92.06,HIGH,672,1440,720,1488,48,48,   0,1.00,1.00,0.0000
1876,31,16,95.66,HIGH,720,1440,768,1488,48,48,   4,1.00,1.00,0.5966
1877,31,17,96.40,HIGH,768,1440,816,1488,48,48,   0,1.00,1.00,0.0000
1878,31,18,94.44,HIGH,816,1440,864,1488,48,48,   0,1.00,1.00,0.0000
1879,31,19,96.18,HIGH,864,1440,912,1488,48,48,   0,1.00,1.00,0.0000
1880,31,20,96.53,HIGH,912,1440,960,1488,48,48,   4,1.00,1.00,0.6014
1881,31,21,94.53,HIGH,960,1440,1008,1488,48,48,  20,1.00,1.00,0.7300
1882,31,22,83.85,HIGH,1008,1440,1056,1488,48,48,  34,1.00,1.00,0.7148
1883,31,23,98.61,HIGH,1056,1440,1104,1488,48,48,  52,1.00,1.00,0.7944
1884,31,24,98.52,HIGH,1104,1440,1152,1488,48,48,  14,1.00,1.00,0.7239
1885,31,25,98.96,HIGH,1152,1440,1200,1488,48,48,  35,0.49,1.00,0.7394
1886,31,26,96.05,HIGH,1200,1440,1248,1488,48,48,   3,1.00,1.00,0.5398
1887,31,27,96.66,HIGH,1248,1440,1296,1488,48,48,   9,1.00,1.00,0.6853
1888,31,28,39.67,MEDIUM,1296,1440,1344,1488,48,48,  11,1.00,0.20,0.1555
1897,31,37,65.45,MEDIUM,1728,1440,1776,1488,48,48,   0,1.00,0.20,0.0371
1898,31,38,68.45,MEDIUM,1776,1440,1824,1488,48,48,   0,1.00,0.20,0.0119
1899,31,39,65.58,MEDIUM,1824,1440,1872,1488,48,48,  88,1.00,0.20,0.5574
1900,31,40,71.96,MEDIUM,1872,1440,1920,1488,48,48,  33,1.00,0.20,0.5134
1901,31,41,83.81,HIGH,1920,1440,1968,1488,48,48,   7,1.00,1.00,0.5910
1902,31,42,90.58,HIGH,1968,1440,2016,1488,48,48,  12,1.00,1.00,0.6757
1903,31,43,92.66,HIGH,2016,1440,2064,1488,48,48,   0,1.00,1.00,0.0000
1904,31,44,83.81,HIGH,2064,1440,2112,1488,48,48,   0,1.00,1.00,0.0000
1905,31,45,87.33,HIGH,2112,1440,2160,1488,48,48,   0,1.00,1.00,0.0000
1906,31,46,90.02,HIGH,2160,1440,2208,1488,48,48,   0,1.00,1.00,0.0000
1907,31,47,96.14,HIGH,2208,1440,2256,1488,48,48,   0,1.00,1.00,0.0000
1908,31,48,94.75,HIGH,2256,1440,2304,1488,48,48,  23,1.00,1.00,0.7405
1914,31,54,27.04,MEDIUM,2544,1440,2592,1488,48,48,   4,1.00,0.20,0.0378
1915,31,55,48.48,MEDIUM,2592,1440,2640,1488,48,48,   4,1.00,0.20,0.1248
1928,32,6,20.10,MEDIUM,240,1488,288,1536,48,48,   0,1.00,0.20,0.0000
1929,32,7,80.69,HIGH,288,1488,336,1536,48,48,  10,1.00,1.00,0.6104
1930,32,8,82.16,HIGH,336,1488,384,1536,48,48,   4,1.00,1.00,0.5324
1931,32,9,81.68,HIGH,384,1488,432,1536,48,48,   0,1.00,1.00,0.0000
1932,32,10,81.29,HIGH,432,1488,480,1536,48,48,   0,1.00,1.00,0.0000
1933,32,11,60.11,MEDIUM,480,1488,528,1536,48,48,   0,1.00,0.20,0.0000
1934,32,12,73.26,MEDIUM,528,1488,576,1536,48,48,  14,1.00,0.20,0.4169
1935,32,13,94.31,HIGH,576,1488,624,1536,48,48,  46,1.00,1.00,0.7744
1936,32,14,89.37,HIGH,624,1488,672,1536,48,48,  37,1.00,1.00,0.7442
1937,32,15,92.01,HIGH,672,1488,720,1536,48,48,   0,1.00,1.00,0.0000
1938,32,16,93.32,HIGH,720,1488,768,1536,48,48,   0,1.00,1.00,0.0000
1939,32,17,96.27,HIGH,768,1488,816,1536,48,48,   0,1.00,1.00,0.0000
1940,32,18,90.32,HIGH,816,1488,864,1536,48,48,   0,1.00,1.00,0.0000
1941,32,19,94.44,HIGH,864,1488,912,1536,48,48,   0,1.00,1.00,0.0000
1942,32,20,96.96,HIGH,912,1488,960,1536,48,48,   0,1.00,1.00,0.0000
1943,32,21,96.44,HIGH,960,1488,1008,1536,48,48,   0,1.00,1.00,0.0711
1944,32,22,98.22,HIGH,1008,1488,1056,1536,48,48,  38,1.00,1.00,0.7800
1945,32,23,90.76,HIGH,1056,1488,1104,1536,48,48, 190,1.00,1.00,0.8122
1946,32,24,89.45,HIGH,1104,1488,1152,1536,48,48,  17,1.00,1.00,0.6963
1947,32,25,57.20,MEDIUM,1152,1488,1200,1536,48,48,  18,1.00,0.20,0.3331
1948,32,26,48.87,MEDIUM,1200,1488,1248,1536,48,48,  13,1.00,0.20,0.2305
1960,32,38,18.79,MEDIUM,1776,1488,1824,1536,48,48,   9,1.00,0.20,0.0355
1961,32,39,46.83,MEDIUM,1824,1488,1872,1536,48,48, 867,1.00,0.20,0.5310
1962,32,40,33.16,MEDIUM,1872,1488,1920,1536,48,48,1198,1.00,0.20,0.3761
1963,32,41,35.85,MEDIUM,1920,1488,1968,1536,48,48,  88,1.00,0.20,0.2733
1964,32,42,38.37,MEDIUM,1968,1488,2016,1536,48,48,  98,1.00,0.20,0.3082
1965,32,43,37.41,MEDIUM,2016,1488,2064,1536,48,48,  52,1.00,0.20,0.2545
1966,32,44,39.97,MEDIUM,2064,1488,2112,1536,48,48,1037,1.00,0.20,0.4604
1967,32,45,63.24,MEDIUM,2112,1488,2160,1536,48,48,   0,1.00,0.20,0.0000
1968,32,46,89.19,HIGH,2160,1488,2208,1536,48,48,  28,1.00,1.00,0.7288
1969,32,47,94.62,HIGH,2208,1488,2256,1536,48,48,   2,1.00,1.00,0.5226
1970,32,48,61.81,MEDIUM,2256,1488,2304,1536,48,48, 104,1.00,0.20,0.5409
1975,32,53,62.11,MEDIUM,2496,1488,2544,1536,48,48,  31,1.00,0.20,0.4340
1976,32,54,94.75,HIGH,2544,1488,2592,1536,48,48,   4,1.00,1.00,0.5907
1977,32,55,99.18,HIGH,2592,1488,2640,1536,48,48,   7,0.49,1.00,0.6025
1978,32,56,39.11,MEDIUM,2640,1488,2688,1536,48,48,   2,1.00,0.20,0.0388
1990,33,6,56.12,MEDIUM,240,1536,288,1584,48,48,   0,1.00,0.20,0.0000
1991,33,7,89.02,HIGH,288,1536,336,1584,48,48,   0,1.00,1.00,0.0000
1992,33,8,70.14,MEDIUM,336,1536,384,1584,48,48,   0,1.00,0.20,0.0000
1993,33,9,87.11,HIGH,384,1536,432,1584,48,48,  25,1.00,1.00,0.7116
1994,33,10,70.01,MEDIUM,432,1536,480,1584,48,48,   0,1.00,0.20,0.0000
1996,33,12,63.76,MEDIUM,528,1536,576,1584,48,48,1197,1.00,0.20,0.6903
1997,33,13,94.18,HIGH,576,1536,624,1584,48,48,   3,1.00,1.00,0.5297
1998,33,14,95.53,HIGH,624,1536,672,1584,48,48,   5,1.00,1.00,0.6283
1999,33,15,91.93,HIGH,672,1536,720,1584,48,48,   0,1.00,1.00,0.0000
2000,33,16,95.83,HIGH,720,1536,768,1584,48,48,   0,1.00,1.00,0.0000
2001,33,17,94.49,HIGH,768,1536,816,1584,48,48,   1,1.00,1.00,0.3840
2002,33,18,95.14,HIGH,816,1536,864,1584,48,48,   4,1.00,1.00,0.5861
2003,33,19,97.74,HIGH,864,1536,912,1584,48,48,   1,1.00,1.00,0.4572
2004,33,20,98.78,HIGH,912,1536,960,1584,48,48,  71,1.00,1.00,0.8068
2005,33,21,96.14,HIGH,960,1536,1008,1584,48,48, 112,1.00,1.00,0.8138
2006,33,22,71.27,MEDIUM,1008,1536,1056,1584,48,48,  43,1.00,0.20,0.5340
2027,33,43,40.41,MEDIUM,2016,1536,2064,1584,48,48, 195,1.00,0.20,0.3758
2028,33,44,34.55,MEDIUM,2064,1536,2112,1584,48,48, 249,1.00,0.20,0.3193
2031,33,47,60.81,MEDIUM,2208,1536,2256,1584,48,48,  85,1.00,0.20,0.5166
2032,33,48,28.34,MEDIUM,2256,1536,2304,1584,48,48, 186,1.00,0.20,0.2263
2033,33,49,42.71,MEDIUM,2304,1536,2352,1584,48,48, 136,1.00,0.20,0.3788
2034,33,50,69.18,MEDIUM,2352,1536,2400,1584,48,48,  86,1.00,0.20,0.5812
2035,33,51,75.43,MEDIUM,2400,1536,2448,1584,48,48,  32,1.00,0.20,0.5325
2036,33,52,92.88,HIGH,2448,1536,2496,1584,48,48,   6,1.00,1.00,0.6317
2037,33,53,89.32,HIGH,2496,1536,2544,1584,48,48,   0,1.00,1.00,0.0000
2038,33,54,93.92,HIGH,2544,1536,2592,1584,48,48,   0,1.00,1.00,0.0000
2039,33,55,95.66,HIGH,2592,1536,2640,1584,48,48,  28,1.00,1.00,0.7548
2040,33,56,56.55,MEDIUM,2640,1536,2688,1584,48,48,   1,1.00,0.20,0.0612
2052,34,6,26.74,MEDIUM,240,1584,288,1632,48,48,   0,1.00,0.20,0.0000
2053,34,7,79.21,MEDIUM,288,1584,336,1632,48,48,   0,1.00,0.20,0.0000
2054,34,8,87.37,HIGH,336,1584,384,1632,48,48,   6,1.00,1.00,0.5904
2055,34,9,89.84,HIGH,384,1584,432,1632,48,48,   1,1.00,1.00,0.4233
2056,34,10,28.17,MEDIUM,432,1584,480,1632,48,48,   0,1.00,0.20,0.0000
2057,34,11,14.41,MEDIUM,480,1584,528,1632,48,48,  23,1.00,0.20,0.0343
2058,34,12,86.98,HIGH,528,1584,576,1632,48,48,   0,1.00,1.00,0.0000
2059,34,13,92.06,HIGH,576,1584,624,1632,48,48,   6,1.00,1.00,0.6297
2060,34,14,94.23,HIGH,624,1584,672,1632,48,48,   4,1.00,1.00,0.5873
2061,34,15,93.58,HIGH,672,1584,720,1632,48,48,   0,1.00,1.00,0.0000
2062,34,16,90.10,HIGH,720,1584,768,1632,48,48,   0,1.00,1.00,0.0000
2063,34,17,89.97,HIGH,768,1584,816,1632,48,48,   0,1.00,1.00,0.0000
2064,34,18,98.09,HIGH,816,1584,864,1632,48,48,   0,1.00,1.00,0.0000
2065,34,19,91.49,HIGH,864,1584,912,1632,48,48, 201,1.00,1.00,0.8163
2066,34,20,23.78,MEDIUM,912,1584,960,1632,48,48, 235,1.00,0.20,0.1797
2086,34,40,35.55,MEDIUM,1872,1584,1920,1632,48,48,   0,1.00,0.20,0.0000
2087,34,41,24.61,MEDIUM,1920,1584,1968,1632,48,48,   7,1.00,0.20,0.0504
2088,34,42,24.78,MEDIUM,1968,1584,2016,1632,48,48,   0,1.00,0.20,0.0000
2089,34,43,80.25,HIGH,2016,1584,2064,1632,48,48,   0,1.00,1.00,0.0000
2090,34,44,83.12,HIGH,2064,1584,2112,1632,48,48,   0,1.00,1.00,0.0000
2091,34,45,75.35,MEDIUM,2112,1584,2160,1632,48,48,   3,1.00,0.20,0.2213
2092,34,46,62.67,MEDIUM,2160,1584,2208,1632,48,48,   1,1.00,0.20,0.0868
2093,34,47,84.51,HIGH,2208,1584,2256,1632,48,48,1264,1.00,1.00,0.8361
2094,34,48,86.28,HIGH,2256,1584,2304,1632,48,48,  11,1.00,1.00,0.6493
2095,34,49,89.71,HIGH,2304,1584,2352,1632,48,48,   0,1.00,1.00,0.0000
2096,34,50,86.15,HIGH,2352,1584,2400,1632,48,48,   0,1.00,1.00,0.0000
2097,34,51,90.76,HIGH,2400,1584,2448,1632,48,48,  32,1.00,1.00,0.7423
2098,34,52,96.83,HIGH,2448,1584,2496,1632,48,48,   4,1.00,1.00,0.6117
2099,34,53,87.85,HIGH,2496,1584,2544,1632,48,48,  22,1.00,1.00,0.7087
2100,34,54,91.71,HIGH,2544,1584,2592,1632,48,48,   0,1.00,1.00,0.0000
2101,34,55,89.63,HIGH,2592,1584,2640,1632,48,48,   9,1.00,1.00,0.6461
2102,34,56,65.62,MEDIUM,2640,1584,2688,1632,48,48,   9,1.00,0.20,0.3132
2115,35,7,35.72,MEDIUM,288,1632,336,1680,48,48,   4,1.00,0.20,0.0659
2116,35,8,72.83,MEDIUM,336,1632,384,1680,48,48,   0,1.00,0.20,0.0000
2117,35,9,48.31,MEDIUM,384,1632,432,1680,48,48,   0,1.00,0.20,0.0000
2119,35,11,61.72,MEDIUM,480,1632,528,1680,48,48, 284,1.00,0.20,0.6072
2120,35,12,88.11,HIGH,528,1632,576,1680,48,48,   3,1.00,1.00,0.5253
2121,35,13,95.53,HIGH,576,1632,624,1680,48,48,  11,1.00,1.00,0.6944
2122,35,14,92.66,HIGH,624,1632,672,1680,48,48,   0,1.00,1.00,0.0000
2123,35,15,93.27,HIGH,672,1632,720,1680,48,48,   0,1.00,1.00,0.0000
2124,35,16,97.66,HIGH,720,1632,768,1680,48,48,  44,1.00,1.00,0.7836
2125,35,17,96.44,HIGH,768,1632,816,1680,48,48,  70,1.00,1.00,0.7988
2126,35,18,97.35,HIGH,816,1632,864,1680,48,48, 116,1.00,1.00,0.8186
2127,35,19,38.89,MEDIUM,864,1632,912,1680,48,48, 316,1.00,0.20,0.3862
2128,35,20,25.48,MEDIUM,912,1632,960,1680,48,48, 560,1.00,0.20,0.2348
2129,35,21,71.88,MEDIUM,960,1632,1008,1680,48,48, 118,1.00,0.20,0.6234
2130,35,22,98.74,HIGH,1008,1632,1056,1680,48,48,  53,1.00,1.00,0.7958
2131,35,23,61.07,MEDIUM,1056,1632,1104,1680,48,48,  50,1.00,0.20,0.4717
2147,35,39,22.27,MEDIUM,1824,1632,1872,1680,48,48,   0,1.00,0.20,0.0000
2148,35,40,55.25,MEDIUM,1872,1632,1920,1680,48,48,   0,1.00,0.20,0.0000
2150,35,42,19.14,MEDIUM,1968,1632,2016,1680,48,48,   1,1.00,0.20,0.0085
2151,35,43,59.94,MEDIUM,2016,1632,2064,1680,48,48,   3,1.00,0.20,0.1596
2152,35,44,76.13,MEDIUM,2064,1632,2112,1680,48,48,   1,1.00,0.20,0.1152
2153,35,45,84.24,HIGH,2112,1632,2160,1680,48,48,   0,1.00,1.00,0.0000
2154,35,46,75.69,MEDIUM,2160,1632,2208,1680,48,48,   0,1.00,0.20,0.0000
2155,35,47,84.11,HIGH,2208,1632,2256,1680,48,48,   0,1.00,1.00,0.0000
2156,35,48,86.11,HIGH,2256,1632,2304,1680,48,48,   0,1.00,1.00,0.0000
2157,35,49,82.16,HIGH,2304,1632,2352,1680,48,48,   0,1.00,1.00,0.0102
2158,35,50,84.81,HIGH,2352,1632,2400,1680,48,48,   0,1.00,1.00,0.0000
2159,35,51,83.16,HIGH,2400,1632,2448,1680,48,48,   5,1.00,1.00,0.5572
2160,35,52,91.23,HIGH,2448,1632,2496,1680,48,48,   3,1.00,1.00,0.5173
2161,35,53,80.82,HIGH,2496,1632,2544,1680,48,48,   0,1.00,1.00,0.2012
2162,35,54,74.26,MEDIUM,2544,1632,2592,1680,48,48,   0,1.00,0.20,0.0000
2163,35,55,92.58,HIGH,2592,1632,2640,1680,48,48,   0,1.00,1.00,0.0000
2164,35,56,65.71,MEDIUM,2640,1632,2688,1680,48,48,   0,1.00,0.20,0.0191
2179,36,9,16.80,MEDIUM,384,1680,432,1728,48,48,1542,1.00,0.20,0.1393
2180,36,10,76.91,MEDIUM,432,1680,480,1728,48,48, 453,1.00,0.20,0.7277
2181,36,11,91.58,HIGH,480,1680,528,1728,48,48,   0,1.00,1.00,0.0000
2182,36,12,94.27,HIGH,528,1680,576,1728,48,48,   0,1.00,1.00,0.0000
2183,36,13,95.96,HIGH,576,1680,624,1728,48,48,  37,1.00,1.00,0.7701
2184,36,14,98.00,HIGH,624,1680,672,1728,48,48,  18,1.00,1.00,0.7376
2185,36,15,94.70,HIGH,672,1680,720,1728,48,48,  78,1.00,1.00,0.7966
2186,36,16,24.57,MEDIUM,720,1680,768,1728,48,48, 159,1.00,0.20,0.1739
2188,36,18,54.04,MEDIUM,816,1680,864,1728,48,48, 113,1.00,0.20,0.4800
2189,36,19,86.37,HIGH,864,1680,912,1728,48,48, 244,1.00,1.00,0.8041
2190,36,20,95.49,HIGH,912,1680,960,1728,48,48,   0,1.00,1.00,0.0000
2191,36,21,93.62,HIGH,960,1680,1008,1728,48,48,   0,1.00,1.00,0.0000
2192,36,22,97.22,HIGH,1008,1680,1056,1728,48,48,  24,1.00,1.00,0.7532
2193,36,23,95.83,HIGH,1056,1680,1104,1728,48,48,  45,1.00,1.00,0.7785
2204,36,34,22.79,MEDIUM,1584,1680,1632,1728,48,48,   0,1.00,0.20,0.0000
2209,36,39,23.48,MEDIUM,1824,1680,1872,1728,48,48,   2,1.00,0.20,0.0158
2210,36,40,37.02,MEDIUM,1872,1680,1920,1728,48,48,   0,1.00,0.20,0.0009
2211,36,41,21.40,MEDIUM,1920,1680,1968,1728,48,48,   0,1.00,0.20,0.0000
2212,36,42,43.97,MEDIUM,1968,1680,2016,1728,48,48,   0,1.00,0.20,0.0000
2213,36,43,62.98,MEDIUM,2016,1680,2064,1728,48,48,   0,1.00,0.20,0.0344
2214,36,44,85.07,HIGH,2064,1680,2112,1728,48,48,   0,1.00,1.00,0.0815
2215,36,45,88.85,HIGH,2112,1680,2160,1728,48,48,   0,1.00,1.00,0.0000
2216,36,46,78.12,MEDIUM,2160,1680,2208,1728,48,48,   0,1.00,0.20,0.0000
2217,36,47,76.13,MEDIUM,2208,1680,2256,1728,48,48,   0,1.00,0.20,0.0000
2218,36,48,86.37,HIGH,2256,1680,2304,1728,48,48,   0,1.00,1.00,0.0000
2219,36,49,86.24,HIGH,2304,1680,2352,1728,48,48,   0,1.00,1.00,0.0000
2220,36,50,85.98,HIGH,2352,1680,2400,1728,48,48,   2,1.00,1.00,0.4618
2221,36,51,85.85,HIGH,2400,1680,2448,1728,48,48,   0,1.00,1.00,0.0000
2222,36,52,89.28,HIGH,2448,1680,2496,1728,48,48,   2,1.00,1.00,0.4684
2223,36,53,86.15,HIGH,2496,1680,2544,1728,48,48,   0,1.00,1.00,0.0647
2224,36,54,77.65,MEDIUM,2544,1680,2592,1728,48,48,   0,1.00,0.20,0.0514
2225,36,55,94.57,HIGH,2592,1680,2640,1728,48,48,   8,1.00,1.00,0.6580
2226,36,56,61.02,MEDIUM,2640,1680,2688,1728,48,48,   2,1.00,0.20,0.1252
2241,37,9,42.14,MEDIUM,384,1728,432,1776,48,48,  39,1.00,0.20,0.2789
2242,37,10,92.75,HIGH,432,1728,480,1776,48,48,   0,1.00,1.00,0.0000
2243,37,11,91.97,HIGH,480,1728,528,1776,48,48,   1,1.00,1.00,0.4185
2244,37,12,96.31,HIGH,528,1728,576,1776,48,48,   4,1.00,1.00,0.6077
2245,37,13,88.72,HIGH,576,1728,624,1776,48,48,  81,1.00,1.00,0.7763
2246,37,14,64.02,MEDIUM,624,1728,672,1776,48,48,  94,1.00,0.20,0.5506
2247,37,15,29.51,MEDIUM,672,1728,720,1776,48,48, 190,1.00,0.20,0.2418
2248,37,16,33.64,MEDIUM,720,1728,768,1776,48,48,  64,1.00,0.20,0.2291
2249,37,17,90.97,HIGH,768,1728,816,1776,48,48,   0,1.00,1.00,0.0000
2250,37,18,88.54,HIGH,816,1728,864,1776,48,48,   9,1.00,1.00,0.6386
2251,37,19,92.53,HIGH,864,1728,912,1776,48,48,   0,1.00,1.00,0.0000
2252,37,20,93.10,HIGH,912,1728,960,1776,48,48,   0,1.00,1.00,0.0000
2253,37,21,93.62,HIGH,960,1728,1008,1776,48,48,   2,1.00,1.00,0.4753
2254,37,22,96.01,HIGH,1008,1728,1056,1776,48,48,   0,1.00,1.00,0.0000
2255,37,23,98.91,HIGH,1056,1728,1104,1776,48,48,   5,1.00,1.00,0.6308
2256,37,24,35.46,MEDIUM,1104,1728,1152,1776,48,48,  17,1.00,0.20,0.1563
2266,37,34,14.97,MEDIUM,1584,1728,1632,1776,48,48,   0,1.00,0.20,0.0000
2267,37,35,46.74,MEDIUM,1632,1728,1680,1776,48,48,   0,1.00,0.20,0.0000
2271,37,39,34.42,MEDIUM,1824,1728,1872,1776,48,48,   1,1.00,0.20,0.0155
2272,37,40,65.23,MEDIUM,1872,1728,1920,1776,48,48,   3,1.00,0.20,0.1518
2273,37,41,79.77,MEDIUM,1920,1728,1968,1776,48,48,   0,1.00,0.20,0.0000
2274,37,42,86.15,HIGH,1968,1728,2016,1776,48,48,   0,1.00,1.00,0.0000
2275,37,43,80.34,HIGH,2016,1728,2064,1776,48,48,   0,1.00,1.00,0.0000
2276,37,44,86.72,HIGH,2064,1728,2112,1776,48,48,   0,1.00,1.00,0.0000
2277,37,45,74.09,MEDIUM,2112,1728,2160,1776,48,48,   0,1.00,0.20,0.0000
2278,37,46,82.42,HIGH,2160,1728,2208,1776,48,48,   0,1.00,1.00,0.0000
2279,37,47,82.77,HIGH,2208,1728,2256,1776,48,48,   0,1.00,1.00,0.0000
2280,37,48,77.73,MEDIUM,2256,1728,2304,1776,48,48,   0,1.00,0.20,0.0000
2281,37,49,88.59,HIGH,2304,1728,2352,1776,48,48,   0,1.00,1.00,0.0000
2282,37,50,92.49,HIGH,2352,1728,2400,1776,48,48,   5,1.00,1.00,0.6114
2283,37,51,87.41,HIGH,2400,1728,2448,1776,48,48,   6,1.00,1.00,0.6035
2284,37,52,86.50,HIGH,2448,1728,2496,1776,48,48,   0,1.00,1.00,0.0000
2285,37,53,84.68,HIGH,2496,1728,2544,1776,48,48,  14,1.00,1.00,0.6608
2286,37,54,91.62,HIGH,2544,1728,2592,1776,48,48,   0,1.00,1.00,0.0000
2287,37,55,96.57,HIGH,2592,1728,2640,1776,48,48,   7,1.00,1.00,0.6649
2288,37,56,33.12,MEDIUM,2640,1728,2688,1776,48,48,   1,1.00,0.20,0.0258
2303,38,9,82.64,HIGH,384,1776,432,1824,48,48,   0,1.00,1.00,0.0000
2304,38,10,95.62,HIGH,432,1776,480,1824,48,48,   3,1.00,1.00,0.5623
2305,38,11,97.22,HIGH,480,1776,528,1824,48,48,  12,1.00,1.00,0.7069
2306,38,12,84.29,HIGH,528,1776,576,1824,48,48, 118,1.00,1.00,0.7725
2307,38,13,51.56,MEDIUM,576,1776,624,1824,48,48, 125,1.00,0.20,0.4641
2308,38,14,74.83,MEDIUM,624,1776,672,1824,48,48, 426,1.00,0.20,0.7139
2309,38,15,56.60,MEDIUM,672,1776,720,1824,48,48,   0,1.00,0.20,0.0280
2310,38,16,29.86,MEDIUM,720,1776,768,1824,48,48,   0,1.00,0.20,0.0000
2311,38,17,30.47,MEDIUM,768,1776,816,1824,48,48,   0,1.00,0.20,0.0000
2312,38,18,86.68,HIGH,816,1776,864,1824,48,48,  12,1.00,1.00,0.6591
2313,38,19,82.12,HIGH,864,1776,912,1824,48,48,   4,1.00,1.00,0.5122
2314,38,20,91.06,HIGH,912,1776,960,1824,48,48,  11,1.00,1.00,0.6739
2315,38,21,90.10,HIGH,960,1776,1008,1824,48,48,   0,1.00,1.00,0.0000
2316,38,22,93.92,HIGH,1008,1776,1056,1824,48,48,   5,1.00,1.00,0.6132
2317,38,23,96.53,HIGH,1056,1776,1104,1824,48,48,   6,1.00,1.00,0.6360
2318,38,24,91.75,HIGH,1104,1776,1152,1824,48,48,  18,1.00,1.00,0.7130
2319,38,25,72.40,MEDIUM,1152,1776,1200,1824,48,48,   9,1.00,0.20,0.3453
2320,38,26,93.92,HIGH,1200,1776,1248,1824,48,48,  18,1.00,1.00,0.7219
2321,38,27,86.33,HIGH,1248,1776,1296,1824,48,48,  38,1.00,1.00,0.7325
2322,38,28,38.45,MEDIUM,1296,1776,1344,1824,48,48,  14,1.00,0.20,0.1669
2330,38,36,34.68,MEDIUM,1680,1776,1728,1824,48,48,   0,1.00,0.20,0.0000
2334,38,40,46.70,MEDIUM,1872,1776,1920,1824,48,48,   0,1.00,0.20,0.0000
2335,38,41,87.59,HIGH,1920,1776,1968,1824,48,48,   0,1.00,1.00,0.0000
2336,38,42,86.15,HIGH,1968,1776,2016,1824,48,48,   0,1.00,1.00,0.0000
2337,38,43,85.72,HIGH,2016,1776,2064,1824,48,48,   0,1.00,1.00,0.0000
2338,38,44,87.02,HIGH,2064,1776,2112,1824,48,48,   0,1.00,1.00,0.0850
2339,38,45,76.69,MEDIUM,2112,1776,2160,1824,48,48,   0,1.00,0.20,0.0000
2340,38,46,37.85,MEDIUM,2160,1776,2208,1824,48,48,   0,1.00,0.20,0.0000
2341,38,47,21.96,MEDIUM,2208,1776,2256,1824,48,48,   0,1.00,0.20,0.0000
2342,38,48,17.97,MEDIUM,2256,1776,2304,1824,48,48,   0,1.00,0.20,0.0000
2343,38,49,21.74,MEDIUM,2304,1776,2352,1824,48,48,   0,1.00,0.20,0.0000
2344,38,50,66.19,MEDIUM,2352,1776,2400,1824,48,48, 101,1.00,0.20,0.5723
2345,38,51,93.36,HIGH,2400,1776,2448,1824,48,48,  87,1.00,1.00,0.7961
2346,38,52,79.47,MEDIUM,2448,1776,2496,1824,48,48,  10,1.00,0.20,0.4029
2347,38,53,84.24,HIGH,2496,1776,2544,1824,48,48,   6,1.00,1.00,0.5848
2348,38,54,87.33,HIGH,2544,1776,2592,1824,48,48,  30,1.00,1.00,0.7229
2349,38,55,96.35,HIGH,2592,1776,2640,1824,48,48,   8,1.00,1.00,0.6691
2350,38,56,28.65,MEDIUM,2640,1776,2688,1824,48,48,   1,1.00,0.20,0.0116
2365,39,9,29.51,MEDIUM,384,1824,432,1872,48,48,  26,1.00,0.20,0.1378
2366,39,10,49.44,MEDIUM,432,1824,480,1872,48,48, 329,1.00,0.20,0.5067
2367,39,11,62.28,MEDIUM,480,1824,528,1872,48,48, 256,1.00,0.20,0.6055
2368,39,12,50.48,MEDIUM,528,1824,576,1872,48,48,  41,1.00,0.20,0.3623
2369,39,13,72.70,MEDIUM,576,1824,624,1872,48,48,  12,1.00,0.20,0.3885
2370,39,14,78.34,MEDIUM,624,1824,672,1872,48,48,   0,1.00,0.20,0.0000
2371,39,15,68.32,MEDIUM,672,1824,720,1872,48,48,  34,1.00,0.20,0.4891
2372,39,16,79.86,MEDIUM,720,1824,768,1872,48,48,  44,1.00,0.20,0.5924
2373,39,17,87.24,HIGH,768,1824,816,1872,48,48,  47,1.00,1.00,0.7469
2374,39,18,91.32,HIGH,816,1824,864,1872,48,48,   0,1.00,1.00,0.0591
2375,39,19,77.13,MEDIUM,864,1824,912,1872,48,48,   4,1.00,0.20,0.2481
2376,39,20,91.97,HIGH,912,1824,960,1872,48,48,   0,1.00,1.00,0.0000
2377,39,21,93.75,HIGH,960,1824,1008,1872,48,48,   0,1.00,1.00,0.0000
2378,39,22,97.01,HIGH,1008,1824,1056,1872,48,48,   0,1.00,1.00,0.0000
2379,39,23,97.44,HIGH,1056,1824,1104,1872,48,48,   0,1.00,1.00,0.0000
2380,39,24,99.74,HIGH,1104,1824,1152,1872,48,48,   8,1.00,1.00,0.6835
2381,39,25,99.74,HIGH,1152,1824,1200,1872,48,48,  21,1.00,1.00,0.7536
2382,39,26,99.52,HIGH,1200,1824,1248,1872,48,48,   6,1.00,1.00,0.6646
2383,39,27,99.52,HIGH,1248,1824,1296,1872,48,48,   6,1.00,1.00,0.6516
2384,39,28,99.65,HIGH,1296,1824,1344,1872,48,48,  25,1.00,1.00,0.7629
2385,39,29,36.98,MEDIUM,1344,1824,1392,1872,48,48,  20,1.00,0.20,0.1788
2392,39,36,68.23,MEDIUM,1680,1824,1728,1872,48,48,   0,1.00,0.20,0.0000
2393,39,37,27.00,MEDIUM,1728,1824,1776,1872,48,48,   0,1.00,0.20,0.0000
2396,39,40,16.97,MEDIUM,1872,1824,1920,1872,48,48,   0,1.00,0.20,0.0000
2397,39,41,79.86,MEDIUM,1920,1824,1968,1872,48,48,   0,1.00,0.20,0.0000
2398,39,42,85.03,HIGH,1968,1824,2016,1872,48,48,  17,1.00,1.00,0.6753
2399,39,43,74.78,MEDIUM,2016,1824,2064,1872,48,48,   0,1.00,0.20,0.0000
2400,39,44,77.39,MEDIUM,2064,1824,2112,1872,48,48,   0,1.00,0.20,0.0511
2401,39,45,83.25,HIGH,2112,1824,2160,1872,48,48,   0,1.00,1.00,0.0000
2402,39,46,25.56,MEDIUM,2160,1824,2208,1872,48,48,   0,1.00,0.20,0.0000
2403,39,47,27.13,MEDIUM,2208,1824,2256,1872,48,48,   0,1.00,0.20,0.0000
2404,39,48,38.32,MEDIUM,2256,1824,2304,1872,48,48,   0,1.00,0.20,0.0000
2405,39,49,68.84,MEDIUM,2304,1824,2352,1872,48,48,   0,1.00,0.20,0.0000
2406,39,50,62.85,MEDIUM,2352,1824,2400,1872,48,48,  46,1.00,0.20,0.4785
2407,39,51,90.49,HIGH,2400,1824,2448,1872,48,48,  52,1.00,1.00,0.7651
2408,39,52,81.60,HIGH,2448,1824,2496,1872,48,48,   2,1.00,1.00,0.4017
2409,39,53,89.37,HIGH,2496,1824,2544,1872,48,48,  12,1.00,1.00,0.6717
2410,39,54,90.54,HIGH,2544,1824,2592,1872,48,48, 109,1.00,1.00,0.7938
2411,39,55,97.87,HIGH,2592,1824,2640,1872,48,48,  15,1.00,1.00,0.7282
2412,39,56,21.01,MEDIUM,2640,1824,2688,1872,48,48,   0,1.00,0.20,0.0027
2428,40,10,31.86,MEDIUM,432,1872,480,1920,48,48,   3,1.00,0.20,0.0485
2429,40,11,79.21,MEDIUM,480,1872,528,1920,48,48,  17,1.00,0.20,0.4820
2430,40,12,81.29,HIGH,528,1872,576,1920,48,48,   7,1.00,1.00,0.5778
2431,40,13,82.42,HIGH,576,1872,624,1920,48,48,   0,1.00,1.00,0.0000
2432,40,14,78.17,MEDIUM,624,1872,672,1920,48,48,   0,1.00,0.20,0.0000
2433,40,15,92.53,HIGH,672,1872,720,1920,48,48,   0,1.00,1.00,0.0000
2434,40,16,94.49,HIGH,720,1872,768,1920,48,48,   0,1.00,1.00,0.0000
2435,40,17,94.14,HIGH,768,1872,816,1920,48,48,   0,1.00,1.00,0.0000
2436,40,18,92.10,HIGH,816,1872,864,1920,48,48,   0,1.00,1.00,0.0000
2437,40,19,86.02,HIGH,864,1872,912,1920,48,48,   2,1.00,1.00,0.4619
2438,40,20,90.89,HIGH,912,1872,960,1920,48,48,   5,1.00,1.00,0.6062
2439,40,21,91.93,HIGH,960,1872,1008,1920,48,48,   0,1.00,1.00,0.0000
2440,40,22,96.40,HIGH,1008,1872,1056,1920,48,48,  56,1.00,1.00,0.7895
2441,40,23,96.70,HIGH,1056,1872,1104,1920,48,48,  12,1.00,1.00,0.7051
2442,40,24,99.74,HIGH,1104,1872,1152,1920,48,48,  18,1.00,1.00,0.7452
2443,40,25,99.52,HIGH,1152,1872,1200,1920,48,48,  27,1.00,1.00,0.7676
2444,40,26,99.74,HIGH,1200,1872,1248,1920,48,48,   5,0.49,1.00,0.5548
2445,40,27,99.78,HIGH,1248,1872,1296,1920,48,48,   8,1.00,1.00,0.6809
2446,40,28,99.26,HIGH,1296,1872,1344,1920,48,48,   6,1.00,1.00,0.6493
2447,40,29,92.62,HIGH,1344,1872,1392,1920,48,48,  15,1.00,1.00,0.7050
2454,40,36,34.51,MEDIUM,1680,1872,1728,1920,48,48,   0,1.00,0.20,0.0000
2455,40,37,42.23,MEDIUM,1728,1872,1776,1920,48,48,   0,1.00,0.20,0.0000
2459,40,41,76.22,MEDIUM,1920,1872,1968,1920,48,48,   0,1.00,0.20,0.0000
2460,40,42,77.95,MEDIUM,1968,1872,2016,1920,48,48,   0,1.00,0.20,0.0000
2461,40,43,72.66,MEDIUM,2016,1872,2064,1920,48,48,   0,1.00,0.20,0.0000
2462,40,44,64.50,MEDIUM,2064,1872,2112,1920,48,48,  24,1.00,0.20,0.4219
2463,40,45,88.19,HIGH,2112,1872,2160,1920,48,48,   0,1.00,1.00,0.0000
2464,40,46,83.85,HIGH,2160,1872,2208,1920,48,48,   0,1.00,1.00,0.0000
2465,40,47,86.50,HIGH,2208,1872,2256,1920,48,48,   0,1.00,1.00,0.0000
2466,40,48,82.20,HIGH,2256,1872,2304,1920,48,48,   0,1.00,1.00,0.2067
2467,40,49,86.15,HIGH,2304,1872,2352,1920,48,48,   0,1.00,1.00,0.0000
2468,40,50,86.94,HIGH,2352,1872,2400,1920,48,48,   0,1.00,1.00,0.0000
2469,40,51,86.98,HIGH,2400,1872,2448,1920,48,48,   0,1.00,1.00,0.0000
2470,40,52,85.81,HIGH,2448,1872,2496,1920,48,48,   8,1.00,1.00,0.6158
2471,40,53,89.76,HIGH,2496,1872,2544,1920,48,48,   0,1.00,1.00,0.2164
2472,40,54,94.27,HIGH,2544,1872,2592,1920,48,48,  23,1.00,1.00,0.7396
2473,40,55,95.70,HIGH,2592,1872,2640,1920,48,48,  12,1.00,1.00,0.7025
2474,40,56,69.70,MEDIUM,2640,1872,2688,1920,48,48,   5,1.00,0.20,0.2530
2490,41,10,62.54,MEDIUM,432,1920,480,1968,48,48,   8,1.00,0.20,0.2774
2491,41,11,84.29,HIGH,480,1920,528,1968,48,48,   0,1.00,1.00,0.0000
2492,41,12,81.55,HIGH,528,1920,576,1968,48,48,   0,1.00,1.00,0.0754
2493,41,13,85.55,HIGH,576,1920,624,1968,48,48,   0,1.00,1.00,0.0000
2494,41,14,81.81,HIGH,624,1920,672,1968,48,48,   0,1.00,1.00,0.2052
2495,41,15,79.30,MEDIUM,672,1920,720,1968,48,48,   0,1.00,0.20,0.0000
2496,41,16,83.85,HIGH,720,1920,768,1968,48,48,  49,1.00,1.00,0.7334
2497,41,17,89.76,HIGH,768,1920,816,1968,48,48,   0,1.00,1.00,0.0000
2498,41,18,90.97,HIGH,816,1920,864,1968,48,48,   0,1.00,1.00,0.0000
2499,41,19,94.27,HIGH,864,1920,912,1968,48,48,   0,1.00,1.00,0.0000
2500,41,20,86.85,HIGH,912,1920,960,1968,48,48,   0,1.00,1.00,0.0000
2501,41,21,88.15,HIGH,960,1920,1008,1968,48,48,   0,1.00,1.00,0.0000
2502,41,22,96.88,HIGH,1008,1920,1056,1968,48,48,  27,1.00,1.00,0.7575
2503,41,23,97.66,HIGH,1056,1920,1104,1968,48,48,  30,1.00,1.00,0.7667
2504,41,24,99.70,HIGH,1104,1920,1152,1968,48,48,  18,1.00,1.00,0.7441
2505,41,25,99.70,HIGH,1152,1920,1200,1968,48,48,  15,1.00,1.00,0.7336
2506,41,26,99.22,HIGH,1200,1920,1248,1968,48,48,  49,1.00,1.00,0.7942
2507,41,27,99.39,HIGH,1248,1920,1296,1968,48,48,  32,1.00,1.00,0.7755
2508,41,28,99.96,HIGH,1296,1920,1344,1968,48,48,   6,1.00,1.00,0.6679
2509,41,29,99.70,HIGH,1344,1920,1392,1968,48,48,  11,1.00,1.00,0.7119
2510,41,30,41.28,MEDIUM,1392,1920,1440,1968,48,48,   5,1.00,0.20,0.1010
2517,41,37,49.39,MEDIUM,1728,1920,1776,1968,48,48,   0,1.00,0.20,0.0000
2518,41,38,22.14,MEDIUM,1776,1920,1824,1968,48,48,   0,1.00,0.20,0.0000
2520,41,40,21.70,MEDIUM,1872,1920,1920,1968,48,48,   0,1.00,0.20,0.0000
2521,41,41,82.29,HIGH,1920,1920,1968,1968,48,48,   0,1.00,1.00,0.0000
2522,41,42,86.63,HIGH,1968,1920,2016,1968,48,48,   0,1.00,1.00,0.0000
2523,41,43,88.19,HIGH,2016,1920,2064,1968,48,48,   0,1.00,1.00,0.0000
2524,41,44,90.36,HIGH,2064,1920,2112,1968,48,48,   0,1.00,1.00,0.0000
2525,41,45,69.14,MEDIUM,2112,1920,2160,1968,48,48,   0,1.00,0.20,0.0000
2526,41,46,85.85,HIGH,2160,1920,2208,1968,48,48,   0,1.00,1.00,0.0000
2527,41,47,87.20,HIGH,2208,1920,2256,1968,48,48,   0,1.00,1.00,0.0000
2528,41,48,77.99,MEDIUM,2256,1920,2304,1968,48,48,   0,1.00,0.20,0.0519
2529,41,49,89.45,HIGH,2304,1920,2352,1968,48,48,  49,1.00,1.00,0.7576
2530,41,50,83.98,HIGH,2352,1920,2400,1968,48,48,   0,1.00,1.00,0.0000
2531,41,51,86.85,HIGH,2400,1920,2448,1968,48,48,   0,1.00,1.00,0.0000
2532,41,52,88.89,HIGH,2448,1920,2496,1968,48,48,   2,1.00,1.00,0.4499
2533,41,53,91.58,HIGH,2496,1920,2544,1968,48,48,   0,1.00,1.00,0.0000
2534,41,54,87.15,HIGH,2544,1920,2592,1968,48,48,  21,1.00,1.00,0.7024
2535,41,55,81.73,HIGH,2592,1920,2640,1968,48,48,   6,1.00,1.00,0.5631
2536,41,56,98.18,HIGH,2640,1920,2688,1968,48,48,   4,1.00,1.00,0.5979
2537,41,57,48.70,MEDIUM,2688,1920,2736,1968,48,48,   2,1.00,0.20,0.0599
2550,42,8,33.72,MEDIUM,336,1968,384,2016,48,48,   0,1.00,0.20,0.0000
2552,42,10,69.05,MEDIUM,432,1968,480,2016,48,48,  16,1.00,0.20,0.4024
2553,42,11,82.77,HIGH,480,1968,528,2016,48,48,   0,1.00,1.00,0.0000
2554,42,12,86.76,HIGH,528,1968,576,2016,48,48,   2,1.00,1.00,0.4096
2555,42,13,81.68,HIGH,576,1968,624,2016,48,48,   0,1.00,1.00,0.2107
2556,42,14,71.66,MEDIUM,624,1968,672,2016,48,48,   0,1.00,0.20,0.0000
2560,42,18,19.57,MEDIUM,816,1968,864,2016,48,48,   0,1.00,0.20,0.0000
2561,42,19,73.44,MEDIUM,864,1968,912,2016,48,48,  27,1.00,0.20,0.4991
2562,42,20,82.73,HIGH,912,1968,960,2016,48,48,  61,1.00,1.00,0.7384
2563,42,21,84.98,HIGH,960,1968,1008,2016,48,48,   0,1.00,1.00,0.1100
2564,42,22,94.92,HIGH,1008,1968,1056,2016,48,48,   9,1.00,1.00,0.6727
2565,42,23,98.91,HIGH,1056,1968,1104,2016,48,48,   5,0.49,1.00,0.5390
2566,42,24,99.70,HIGH,1104,1968,1152,2016,48,48,  29,1.00,1.00,0.7709
2567,42,25,99.57,HIGH,1152,1968,1200,2016,48,48,  29,1.00,1.00,0.7706
2568,42,26,99.22,HIGH,1200,1968,1248,2016,48,48,  21,1.00,1.00,0.7537
2569,42,27,97.40,HIGH,1248,1968,1296,2016,48,48,  27,1.00,1.00,0.7590
2570,42,28,99.00,HIGH,1296,1968,1344,2016,48,48,  25,1.00,1.00,0.7612
2571,42,29,99.78,HIGH,1344,1968,1392,2016,48,48,  17,1.00,1.00,0.7419
2572,42,30,68.71,MEDIUM,1392,1968,1440,2016,48,48,   7,1.00,0.20,0.2988
2579,42,37,36.81,MEDIUM,1728,1968,1776,2016,48,48,   0,1.00,0.20,0.0000
2580,42,38,63.54,MEDIUM,1776,1968,1824,2016,48,48,   0,1.00,0.20,0.0000
2582,42,40,28.34,MEDIUM,1872,1968,1920,2016,48,48,   0,1.00,0.20,0.0000
2583,42,41,79.51,MEDIUM,1920,1968,1968,2016,48,48,   0,1.00,0.20,0.0000
2584,42,42,47.35,MEDIUM,1968,1968,2016,2016,48,48,   0,1.00,0.20,0.0000
2585,42,43,35.50,MEDIUM,2016,1968,2064,2016,48,48,   0,1.00,0.20,0.0000
2586,42,44,32.20,MEDIUM,2064,1968,2112,2016,48,48,   0,1.00,0.20,0.0000
2588,42,46,42.45,MEDIUM,2160,1968,2208,2016,48,48,  17,1.00,0.20,0.2105
2589,42,47,77.99,MEDIUM,2208,1968,2256,2016,48,48,   0,1.00,0.20,0.0519
2590,42,48,84.33,HIGH,2256,1968,2304,2016,48,48,   0,1.00,1.00,0.0000
2591,42,49,84.98,HIGH,2304,1968,2352,2016,48,48,   0,1.00,1.00,0.0000
2592,42,50,84.16,HIGH,2352,1968,2400,2016,48,48,   0,1.00,1.00,0.0000
2593,42,51,88.98,HIGH,2400,1968,2448,2016,48,48,   0,1.00,1.00,0.0000
2594,42,52,92.14,HIGH,2448,1968,2496,2016,48,48,   3,1.00,1.00,0.5426
2595,42,53,94.31,HIGH,2496,1968,2544,2016,48,48,   1,1.00,1.00,0.3877
2596,42,54,88.50,HIGH,2544,1968,2592,2016,48,48,  10,1.00,1.00,0.6483
2597,42,55,96.18,HIGH,2592,1968,2640,2016,48,48,  11,1.00,1.00,0.6932
2598,42,56,99.13,HIGH,2640,1968,2688,2016,48,48,  64,1.00,1.00,0.8042
2599,42,57,96.18,HIGH,2688,1968,2736,2016,48,48,  14,1.00,1.00,0.7129
2600,42,58,22.92,MEDIUM,2736,1968,2784,2016,48,48,   1,1.00,0.20,0.0064
2612,43,8,49.91,MEDIUM,336,2016,384,2064,48,48,   0,1.00,0.20,0.0000
2613,43,9,61.28,MEDIUM,384,2016,432,2064,48,48,   0,1.00,0.20,0.0327
2614,43,10,52.47,MEDIUM,432,2016,480,2064,48,48,   0,1.00,0.20,0.0000
2615,43,11,80.21,HIGH,480,2016,528,2064,48,48,   0,1.00,1.00,0.0000
2616,43,12,81.68,HIGH,528,2016,576,2064,48,48,   0,1.00,1.00,0.0000
2617,43,13,77.52,MEDIUM,576,2016,624,2064,48,48,   0,1.00,0.20,0.0000
2618,43,14,78.52,MEDIUM,624,2016,672,2064,48,48,   0,1.00,0.20,0.0000
2619,43,15,64.32,MEDIUM,672,2016,720,2064,48,48,   0,1.00,0.20,0.0000
2620,43,16,54.12,MEDIUM,720,2016,768,2064,48,48,   2,1.00,0.20,0.0894
2621,43,17,47.18,MEDIUM,768,2016,816,2064,48,48,   0,1.00,0.20,0.0000
2622,43,18,59.55,MEDIUM,816,2016,864,2064,48,48,   0,1.00,0.20,0.0000
2623,43,19,91.80,HIGH,864,2016,912,2064,48,48,  45,1.00,1.00,0.7634
2624,43,20,95.79,HIGH,912,2016,960,2064,48,48,  63,1.00,1.00,0.7922
2625,43,21,87.67,HIGH,960,2016,1008,2064,48,48,   0,1.00,1.00,0.0000
2626,43,22,96.14,HIGH,1008,2016,1056,2064,48,48,  43,1.00,1.00,0.7772
2627,43,23,98.52,HIGH,1056,2016,1104,2064,48,48,  25,1.00,1.00,0.7600
2628,43,24,99.91,HIGH,1104,2016,1152,2064,48,48,  17,0.49,1.00,0.6925
2629,43,25,99.83,HIGH,1152,2016,1200,2064,48,48,  35,0.49,1.00,0.7430
2630,43,26,99.74,HIGH,1200,2016,1248,2064,48,48,  31,1.00,1.00,0.7744
2631,43,27,97.09,HIGH,1248,2016,1296,2064,48,48,  32,1.00,1.00,0.7675
2632,43,28,73.83,MEDIUM,1296,2016,1344,2064,48,48,  30,1.00,0.20,0.5144
2633,43,29,99.44,HIGH,1344,2016,1392,2064,48,48,  12,0.49,1.00,0.6553
2634,43,30,87.98,HIGH,1392,2016,1440,2064,48,48,  11,1.00,1.00,0.6565
2641,43,37,15.15,MEDIUM,1728,2016,1776,2064,48,48,   0,1.00,0.20,0.0000
2642,43,38,76.91,MEDIUM,1776,2016,1824,2064,48,48,   0,1.00,0.20,0.0000
2643,43,39,74.00,MEDIUM,1824,2016,1872,2064,48,48,   0,1.00,0.20,0.0000
2644,43,40,87.41,HIGH,1872,2016,1920,2064,48,48,   0,1.00,1.00,0.0000
2645,43,41,86.89,HIGH,1920,2016,1968,2064,48,48,   0,1.00,1.00,0.0000
2646,43,42,24.13,MEDIUM,1968,2016,2016,2064,48,48,  74,1.00,0.20,0.1383
2647,43,43,27.56,MEDIUM,2016,2016,2064,2064,48,48,   6,1.00,0.20,0.0542
2648,43,44,72.14,MEDIUM,2064,2016,2112,2064,48,48,   0,1.00,0.20,0.0000
2649,43,45,46.70,MEDIUM,2112,2016,2160,2064,48,48,   0,1.00,0.20,0.0000
2650,43,46,38.63,MEDIUM,2160,2016,2208,2064,48,48,   4,1.00,0.20,0.0778
2651,43,47,66.15,MEDIUM,2208,2016,2256,2064,48,48,   0,1.00,0.20,0.0000
2652,43,48,80.51,HIGH,2256,2016,2304,2064,48,48,   0,1.00,1.00,0.0000
2653,43,49,79.90,MEDIUM,2304,2016,2352,2064,48,48,   0,1.00,0.20,0.0162
2654,43,50,86.76,HIGH,2352,2016,2400,2064,48,48,   0,1.00,1.00,0.0000
2655,43,51,86.24,HIGH,2400,2016,2448,2064,48,48,   0,1.00,1.00,0.0000
2656,43,52,92.36,HIGH,2448,2016,2496,2064,48,48,  29,1.00,1.00,0.7436
2657,43,53,95.75,HIGH,2496,2016,2544,2064,48,48,  10,1.00,1.00,0.6837
2658,43,54,96.74,HIGH,2544,2016,2592,2064,48,48,  13,1.00,1.00,0.7099
2659,43,55,99.61,HIGH,2592,2016,2640,2064,48,48,  21,1.00,1.00,0.7536
2660,43,56,99.65,HIGH,2640,2016,2688,2064,48,48,  39,1.00,1.00,0.7860
2661,43,57,99.52,HIGH,2688,2016,2736,2064,48,48,  42,1.00,1.00,0.7883
2662,43,58,78.60,MEDIUM,2736,2016,2784,2064,48,48,  18,1.00,0.20,0.4829
2674,44,8,46.57,MEDIUM,336,2064,384,2112,48,48,   0,1.00,0.20,0.0000
2675,44,9,77.69,MEDIUM,384,2064,432,2112,48,48,   0,1.00,0.20,0.0000
2676,44,10,69.49,MEDIUM,432,2064,480,2112,48,48,   0,1.00,0.20,0.0000
2677,44,11,80.34,HIGH,480,2064,528,2112,48,48,   0,1.00,1.00,0.0733
2678,44,12,86.11,HIGH,528,2064,576,2112,48,48,   0,1.00,1.00,0.0000
2679,44,13,81.38,HIGH,576,2064,624,2112,48,48,   0,1.00,1.00,0.0000
2680,44,14,78.12,MEDIUM,624,2064,672,2112,48,48,   1,1.00,0.20,0.0833
2681,44,15,81.12,HIGH,672,2064,720,2112,48,48,   0,1.00,1.00,0.0000
2682,44,16,90.71,HIGH,720,2064,768,2112,48,48,   2,1.00,1.00,0.4362
2683,44,17,93.19,HIGH,768,2064,816,2112,48,48,   0,1.00,1.00,0.0000
2684,44,18,89.15,HIGH,816,2064,864,2112,48,48,   0,1.00,1.00,0.0000
2685,44,19,91.80,HIGH,864,2064,912,2112,48,48,  61,1.00,1.00,0.7769
2686,44,20,96.83,HIGH,912,2064,960,2112,48,48,   0,0.49,1.00,0.0000
2687,44,21,94.84,HIGH,960,2064,1008,2112,48,48,  12,1.00,1.00,0.6961
2688,44,22,92.88,HIGH,1008,2064,1056,2112,48,48,  60,1.00,1.00,0.7802
2689,44,23,98.61,HIGH,1056,2064,1104,2112,48,48,  47,1.00,1.00,0.7901
2690,44,24,99.74,HIGH,1104,2064,1152,2112,48,48,  40,0.49,1.00,0.7507
2691,44,25,99.74,HIGH,1152,2064,1200,2112,48,48,  18,0.49,1.00,0.6941
2692,44,26,99.91,HIGH,1200,2064,1248,2112,48,48,  30,0.49,1.00,0.7333
2693,44,27,99.13,HIGH,1248,2064,1296,2112,48,48,  44,1.00,1.00,0.7895
2694,44,28,27.34,MEDIUM,1296,2064,1344,2112,48,48,  27,1.00,0.20,0.1226
2695,44,29,99.74,HIGH,1344,2064,1392,2112,48,48,   8,1.00,1.00,0.6843
2696,44,30,98.87,HIGH,1392,2064,1440,2112,48,48,   7,1.00,1.00,0.6649
2704,44,38,71.53,MEDIUM,1776,2064,1824,2112,48,48,   0,1.00,0.20,0.0000
2705,44,39,78.82,MEDIUM,1824,2064,1872,2112,48,48,   0,1.00,0.20,0.0000
2706,44,40,38.45,MEDIUM,1872,2064,1920,2112,48,48,   0,1.00,0.20,0.0000
2707,44,41,80.21,HIGH,1920,2064,1968,2112,48,48,   0,1.00,1.00,0.0000
2708,44,42,88.24,HIGH,1968,2064,2016,2112,48,48,   0,1.00,1.00,0.0000
2709,44,43,86.59,HIGH,2016,2064,2064,2112,48,48,   0,1.00,1.00,0.0000
2710,44,44,87.89,HIGH,2064,2064,2112,2112,48,48,   0,1.00,1.00,0.0000
2711,44,45,85.33,HIGH,2112,2064,2160,2112,48,48,   0,1.00,1.00,0.0000
2712,44,46,86.28,HIGH,2160,2064,2208,2112,48,48,   0,1.00,1.00,0.0000
2713,44,47,79.30,MEDIUM,2208,2064,2256,2112,48,48,   0,1.00,0.20,0.0000
2714,44,48,77.99,MEDIUM,2256,2064,2304,2112,48,48,   0,1.00,0.20,0.0000
2715,44,49,85.85,HIGH,2304,2064,2352,2112,48,48,  33,1.00,1.00,0.7214
2716,44,50,92.88,HIGH,2352,2064,2400,2112,48,48,   0,1.00,1.00,0.0000
2717,44,51,89.15,HIGH,2400,2064,2448,2112,48,48,   9,1.00,1.00,0.6478
2718,44,52,91.88,HIGH,2448,2064,2496,2112,48,48,  17,1.00,1.00,0.7094
2719,44,53,95.92,HIGH,2496,2064,2544,2112,48,48,  45,1.00,1.00,0.7786
2720,44,54,98.35,HIGH,2544,2064,2592,2112,48,48,  23,1.00,1.00,0.7535
2721,44,55,100.00,HIGH,2592,2064,2640,2112,48,48,   7,0.49,1.00,0.5940
2722,44,56,99.87,HIGH,2640,2064,2688,2112,48,48,   7,0.49,1.00,0.5901
2723,44,57,99.87,HIGH,2688,2064,2736,2112,48,48,   7,1.00,1.00,0.6720
2724,44,58,99.78,HIGH,2736,2064,2784,2112,48,48,  11,0.49,1.00,0.6478
2725,44,59,18.92,MEDIUM,2784,2064,2832,2112,48,48,   0,1.00,0.20,0.0026
2737,45,9,61.50,MEDIUM,384,2112,432,2160,48,48,   0,1.00,0.20,0.0000
2738,45,10,69.97,MEDIUM,432,2112,480,2160,48,48,   0,1.00,0.20,0.0260
2739,45,11,85.33,HIGH,480,2112,528,2160,48,48,   0,1.00,1.00,0.0000
2740,45,12,86.94,HIGH,528,2112,576,2160,48,48,   0,1.00,1.00,0.0000
2741,45,13,88.15,HIGH,576,2112,624,2160,48,48,   0,1.00,1.00,0.0000
2742,45,14,77.34,MEDIUM,624,2112,672,2160,48,48,   4,1.00,0.20,0.2768
2743,45,15,62.50,MEDIUM,672,2112,720,2160,48,48,   4,1.00,0.20,0.1751
2744,45,16,84.16,HIGH,720,2112,768,2160,48,48,   0,1.00,1.00,0.0000
2745,45,17,89.06,HIGH,768,2112,816,2160,48,48,   0,1.00,1.00,0.0000
2746,45,18,40.28,MEDIUM,816,2112,864,2160,48,48,  62,1.00,0.20,0.2964
2747,45,19,78.65,MEDIUM,864,2112,912,2160,48,48,  42,1.00,0.20,0.5801
2748,45,20,80.60,HIGH,912,2112,960,2160,48,48,  30,1.00,1.00,0.6904
2749,45,21,97.44,HIGH,960,2112,1008,2160,48,48,  67,1.00,1.00,0.8005
2750,45,22,96.40,HIGH,1008,2112,1056,2160,48,48, 128,1.00,1.00,0.8188
2751,45,23,99.31,HIGH,1056,2112,1104,2160,48,48,  45,1.00,1.00,0.7909
2752,45,24,99.87,HIGH,1104,2112,1152,2160,48,48,  87,0.49,1.00,0.7901
2753,45,25,99.83,HIGH,1152,2112,1200,2160,48,48,  32,0.49,1.00,0.7369
2754,45,26,99.83,HIGH,1200,2112,1248,2160,48,48,  61,0.49,1.00,0.7733
2755,45,27,99.74,HIGH,1248,2112,1296,2160,48,48,  22,1.00,1.00,0.7584
2756,45,28,39.11,MEDIUM,1296,2112,1344,2160,48,48,  15,1.00,0.20,0.1759
2757,45,29,99.83,HIGH,1344,2112,1392,2160,48,48,   2,0.49,1.00,0.4162
2758,45,30,99.83,HIGH,1392,2112,1440,2160,48,48,   5,1.00,1.00,0.6350
2766,45,38,75.43,MEDIUM,1776,2112,1824,2160,48,48,   0,1.00,0.20,0.0000
2767,45,39,79.04,MEDIUM,1824,2112,1872,2160,48,48,   0,1.00,0.20,0.0000
2768,45,40,28.43,MEDIUM,1872,2112,1920,2160,48,48,   1,1.00,0.20,0.0148
2769,45,41,73.22,MEDIUM,1920,2112,1968,2160,48,48,   0,1.00,0.20,0.0000
2770,45,42,91.28,HIGH,1968,2112,2016,2160,48,48,   0,1.00,1.00,0.0000
2771,45,43,82.90,HIGH,2016,2112,2064,2160,48,48,   0,1.00,1.00,0.0000
2772,45,44,90.02,HIGH,2064,2112,2112,2160,48,48,   0,1.00,1.00,0.0000
2773,45,45,90.41,HIGH,2112,2112,2160,2160,48,48,   0,1.00,1.00,0.0000
2774,45,46,81.51,HIGH,2160,2112,2208,2160,48,48,   0,1.00,1.00,0.0000
2775,45,47,77.95,MEDIUM,2208,2112,2256,2160,48,48,   0,1.00,0.20,0.0000
2776,45,48,78.39,MEDIUM,2256,2112,2304,2160,48,48,   0,1.00,0.20,0.0524
2777,45,49,90.71,HIGH,2304,2112,2352,2160,48,48,   1,1.00,1.00,0.2791
2778,45,50,90.06,HIGH,2352,2112,2400,2160,48,48,  24,1.00,1.00,0.7236
2779,45,51,89.37,HIGH,2400,2112,2448,2160,48,48,  26,1.00,1.00,0.7251
2780,45,52,97.87,HIGH,2448,2112,2496,2160,48,48,   7,0.49,1.00,0.5886
2781,45,53,99.57,HIGH,2496,2112,2544,2160,48,48,  20,0.49,1.00,0.7036
2782,45,54,99.96,HIGH,2544,2112,2592,2160,48,48,  32,0.49,1.00,0.7372
2783,45,55,99.96,HIGH,2592,2112,2640,2160,48,48,  14,0.49,1.00,0.6702
2784,45,56,99.91,HIGH,2640,2112,2688,2160,48,48,   7,0.49,1.00,0.5965
2785,45,57,100.00,HIGH,2688,2112,2736,2160,48,48,   7,1.00,1.00,0.6743
2786,45,58,99.22,HIGH,2736,2112,2784,2160,48,48,  10,1.00,1.00,0.7013
2787,45,59,40.58,MEDIUM,2784,2112,2832,2160,48,48,   1,1.00,0.20,0.0389
2799,46,9,15.71,MEDIUM,384,2160,432,2208,48,48,   0,1.00,0.20,0.0000
2800,46,10,73.74,MEDIUM,432,2160,480,2208,48,48,   0,1.00,0.20,0.0000
2801,46,11,75.39,MEDIUM,480,2160,528,2208,48,48,   0,1.00,0.20,0.0000
2802,46,12,84.85,HIGH,528,2160,576,2208,48,48,   2,1.00,1.00,0.4373
2803,46,13,88.59,HIGH,576,2160,624,2208,48,48,   0,1.00,1.00,0.0000
2804,46,14,69.88,MEDIUM,624,2160,672,2208,48,48,   8,1.00,0.20,0.3193
2805,46,15,86.72,HIGH,672,2160,720,2208,48,48,   0,1.00,1.00,0.0114
2806,46,16,93.14,HIGH,720,2160,768,2208,48,48,   0,1.00,1.00,0.0000
2807,46,17,83.42,HIGH,768,2160,816,2208,48,48,  14,1.00,1.00,0.6539
2808,46,18,85.81,HIGH,816,2160,864,2208,48,48,   0,1.00,1.00,0.0000
2809,46,19,90.62,HIGH,864,2160,912,2208,48,48,  42,1.00,1.00,0.7558
2810,46,20,89.80,HIGH,912,2160,960,2208,48,48,   8,1.00,1.00,0.6432
2811,46,21,96.05,HIGH,960,2160,1008,2208,48,48,  57,1.00,1.00,0.7891
2812,46,22,98.18,HIGH,1008,2160,1056,2208,48,48,  54,0.49,1.00,0.7615
2813,46,23,99.44,HIGH,1056,2160,1104,2208,48,48,  50,1.00,1.00,0.7958
2814,46,24,99.70,HIGH,1104,2160,1152,2208,48,48,  84,1.00,1.00,0.8155
2815,46,25,99.48,HIGH,1152,2160,1200,2208,48,48,  24,1.00,1.00,0.7614
2816,46,26,99.65,HIGH,1200,2160,1248,2208,48,48,  42,0.49,1.00,0.7528
2817,46,27,99.70,HIGH,1248,2160,1296,2208,48,48,  43,0.49,1.00,0.7550
2818,46,28,86.72,HIGH,1296,2160,1344,2208,48,48,  34,1.00,1.00,0.7281
2819,46,29,99.83,HIGH,1344,2160,1392,2208,48,48,   3,1.00,1.00,0.5771
2820,46,30,99.83,HIGH,1392,2160,1440,2208,48,48,  13,1.00,1.00,0.7244
2821,46,31,18.58,MEDIUM,1440,2160,1488,2208,48,48,   4,1.00,0.20,0.0191
2828,46,38,62.15,MEDIUM,1776,2160,1824,2208,48,48,   0,1.00,0.20,0.0000
2829,46,39,74.44,MEDIUM,1824,2160,1872,2208,48,48,   0,1.00,0.20,0.0141
2830,46,40,85.63,HIGH,1872,2160,1920,2208,48,48,   0,1.00,1.00,0.0000
2831,46,41,79.47,MEDIUM,1920,2160,1968,2208,48,48,   0,1.00,0.20,0.0000
2832,46,42,91.49,HIGH,1968,2160,2016,2208,48,48,   0,1.00,1.00,0.0000
2833,46,43,78.82,MEDIUM,2016,2160,2064,2208,48,48,   3,1.00,0.20,0.2145
2834,46,44,85.94,HIGH,2064,2160,2112,2208,48,48,   0,1.00,1.00,0.0000
2835,46,45,80.03,HIGH,2112,2160,2160,2208,48,48,   0,1.00,1.00,0.0000
2836,46,46,75.30,MEDIUM,2160,2160,2208,2208,48,48,   4,1.00,0.20,0.2415
2837,46,47,81.60,HIGH,2208,2160,2256,2208,48,48,   0,1.00,1.00,0.0000
2838,46,48,86.15,HIGH,2256,2160,2304,2208,48,48,   8,1.00,1.00,0.6239
2839,46,49,91.23,HIGH,2304,2160,2352,2208,48,48,   0,1.00,1.00,0.0000
2840,46,50,91.97,HIGH,2352,2160,2400,2208,48,48,   0,1.00,1.00,0.0000
2841,46,51,95.53,HIGH,2400,2160,2448,2208,48,48,  41,1.00,1.00,0.7733
2842,46,52,99.05,HIGH,2448,2160,2496,2208,48,48,   6,0.49,1.00,0.5733
2843,46,53,99.87,HIGH,2496,2160,2544,2208,48,48,   5,0.49,1.00,0.5534
2844,46,54,99.87,HIGH,2544,2160,2592,2208,48,48,  22,0.49,1.00,0.7106
2845,46,55,99.78,HIGH,2592,2160,2640,2208,48,48,  21,0.49,1.00,0.7073
2846,46,56,99.91,HIGH,2640,2160,2688,2208,48,48,  15,0.49,1.00,0.6786
2847,46,57,99.91,HIGH,2688,2160,2736,2208,48,48,   8,0.49,1.00,0.6132
2848,46,58,99.61,HIGH,2736,2160,2784,2208,48,48,  16,1.00,1.00,0.7378
2849,46,59,50.82,MEDIUM,2784,2160,2832,2208,48,48,   2,1.00,0.20,0.0914
2862,47,10,61.68,MEDIUM,432,2208,480,2256,48,48,   0,1.00,0.20,0.0000
2863,47,11,82.60,HIGH,480,2208,528,2256,48,48,   3,1.00,1.00,0.4624
2864,47,12,73.57,MEDIUM,528,2208,576,2256,48,48,  13,1.00,0.20,0.4121
2865,47,13,89.54,HIGH,576,2208,624,2256,48,48,   0,1.00,1.00,0.0000
2866,47,14,89.58,HIGH,624,2208,672,2256,48,48,   3,1.00,1.00,0.5382
2867,47,15,89.50,HIGH,672,2208,720,2256,48,48,   0,1.00,1.00,0.0000
2868,47,16,87.33,HIGH,720,2208,768,2256,48,48,   0,1.00,1.00,0.2273
2869,47,17,80.30,HIGH,768,2208,816,2256,48,48,   7,1.00,1.00,0.5773
2870,47,18,94.75,HIGH,816,2208,864,2256,48,48,   0,1.00,1.00,0.0000
2871,47,19,90.71,HIGH,864,2208,912,2256,48,48,  28,1.00,1.00,0.7352
2872,47,20,89.54,HIGH,912,2208,960,2256,48,48,   0,1.00,1.00,0.0000
2873,47,21,97.09,HIGH,960,2208,1008,2256,48,48,   0,0.49,1.00,0.0000
2874,47,22,96.31,HIGH,1008,2208,1056,2256,48,48,   9,1.00,1.00,0.6842
2875,47,23,99.57,HIGH,1056,2208,1104,2256,48,48, 131,0.49,1.00,0.8056
2876,47,24,99.91,HIGH,1104,2208,1152,2256,48,48,  29,0.49,1.00,0.7311
2877,47,25,99.87,HIGH,1152,2208,1200,2256,48,48,  33,0.49,1.00,0.7403
2878,47,26,99.78,HIGH,1200,2208,1248,2256,48,48,  28,0.49,1.00,0.7272
2879,47,27,99.74,HIGH,1248,2208,1296,2256,48,48,  25,0.49,1.00,0.7195
2880,47,28,99.22,HIGH,1296,2208,1344,2256,48,48,  78,1.00,1.00,0.8112
2881,47,29,99.87,HIGH,1344,2208,1392,2256,48,48,  13,1.00,1.00,0.7235
2882,47,30,99.83,HIGH,1392,2208,1440,2256,48,48,  16,1.00,1.00,0.7379
2883,47,31,20.05,MEDIUM,1440,2208,1488,2256,48,48,  31,1.00,0.20,0.0732
2890,47,38,39.41,MEDIUM,1776,2208,1824,2256,48,48,   0,1.00,0.20,0.0000
2891,47,39,67.88,MEDIUM,1824,2208,1872,2256,48,48,   0,1.00,0.20,0.0398
2892,47,40,69.66,MEDIUM,1872,2208,1920,2256,48,48,   0,1.00,0.20,0.0000
2893,47,41,82.60,HIGH,1920,2208,1968,2256,48,48,   0,1.00,1.00,0.0000
2894,47,42,81.29,HIGH,1968,2208,2016,2256,48,48,   0,1.00,1.00,0.0000
2895,47,43,76.26,MEDIUM,2016,2208,2064,2256,48,48,   0,1.00,0.20,0.0000
2896,47,44,64.28,MEDIUM,2064,2208,2112,2256,48,48,   0,1.00,0.20,0.0000
2897,47,45,54.60,MEDIUM,2112,2208,2160,2256,48,48,  85,1.00,0.20,0.4630
2898,47,46,68.79,MEDIUM,2160,2208,2208,2256,48,48,   4,1.00,0.20,0.2033
2899,47,47,60.46,MEDIUM,2208,2208,2256,2256,48,48,   0,1.00,0.20,0.0000
2900,47,48,77.34,MEDIUM,2256,2208,2304,2256,48,48, 271,1.00,0.20,0.7059
2901,47,49,87.59,HIGH,2304,2208,2352,2256,48,48, 389,1.00,1.00,0.8207
2902,47,50,91.15,HIGH,2352,2208,2400,2256,48,48,  12,1.00,1.00,0.6831
2903,47,51,94.66,HIGH,2400,2208,2448,2256,48,48,  40,1.00,1.00,0.7687
2904,47,52,99.48,HIGH,2448,2208,2496,2256,48,48,   7,0.49,1.00,0.5926
2905,47,53,99.87,HIGH,2496,2208,2544,2256,48,48,   5,0.49,1.00,0.5430
2906,47,54,99.78,HIGH,2544,2208,2592,2256,48,48,  13,0.49,1.00,0.6671
2907,47,55,99.83,HIGH,2592,2208,2640,2256,48,48,  15,0.49,1.00,0.6759
2908,47,56,99.96,HIGH,2640,2208,2688,2256,48,48,  22,0.49,1.00,0.7128
2909,47,57,99.91,HIGH,2688,2208,2736,2256,48,48,   9,0.49,1.00,0.6311
2910,47,58,99.74,HIGH,2736,2208,2784,2256,48,48,  11,0.49,1.00,0.6473
2911,47,59,59.03,MEDIUM,2784,2208,2832,2256,48,48,   2,1.00,0.20,0.1062
2924,48,10,62.72,MEDIUM,432,2256,480,2304,48,48,   0,1.00,0.20,0.0000
2925,48,11,79.34,MEDIUM,480,2256,528,2304,48,48,   0,1.00,0.20,0.0160
2926,48,12,86.59,HIGH,528,2256,576,2304,48,48,   0,1.00,1.00,0.0000
2927,48,13,91.54,HIGH,576,2256,624,2304,48,48,   0,1.00,1.00,0.0000
2928,48,14,69.36,MEDIUM,624,2256,672,2304,48,48,   1,1.00,0.20,0.1018
2929,48,15,88.50,HIGH,672,2256,720,2304,48,48,   0,1.00,1.00,0.0000
2930,48,16,62.20,MEDIUM,720,2256,768,2304,48,48,   0,1.00,0.20,0.0000
2931,48,17,52.91,MEDIUM,768,2256,816,2304,48,48,   0,1.00,0.20,0.0000
2932,48,18,35.94,MEDIUM,816,2256,864,2304,48,48,   0,1.00,0.20,0.0115
2933,48,19,42.06,MEDIUM,864,2256,912,2304,48,48,   2,1.00,0.20,0.0668
2934,48,20,82.81,HIGH,912,2256,960,2304,48,48,  60,1.00,1.00,0.7385
2935,48,21,86.72,HIGH,960,2256,1008,2304,48,48,  48,1.00,1.00,0.7457
2936,48,22,92.66,HIGH,1008,2256,1056,2304,48,48,   0,1.00,1.00,0.0000
2937,48,23,98.39,HIGH,1056,2256,1104,2304,48,48,  41,1.00,1.00,0.7830
2938,48,24,99.48,HIGH,1104,2256,1152,2304,48,48,  51,1.00,1.00,0.7961
2939,48,25,99.74,HIGH,1152,2256,1200,2304,48,48,  33,0.49,1.00,0.7381
2940,48,26,99.65,HIGH,1200,2256,1248,2304,48,48,  44,0.49,1.00,0.7552
2941,48,27,99.74,HIGH,1248,2256,1296,2304,48,48,  35,0.49,1.00,0.7429
2942,48,28,99.57,HIGH,1296,2256,1344,2304,48,48,  12,1.00,1.00,0.7172
2943,48,29,99.87,HIGH,1344,2256,1392,2304,48,48,   9,1.00,1.00,0.6956
2944,48,30,99.70,HIGH,1392,2256,1440,2304,48,48,  33,1.00,1.00,0.7774
2951,48,37,20.79,MEDIUM,1728,2256,1776,2304,48,48,   0,1.00,0.20,0.0000
2952,48,38,73.70,MEDIUM,1776,2256,1824,2304,48,48,   0,1.00,0.20,0.0000
2953,48,39,87.41,HIGH,1824,2256,1872,2304,48,48,   0,1.00,1.00,0.0000
2954,48,40,72.61,MEDIUM,1872,2256,1920,2304,48,48,   0,1.00,0.20,0.0036
2955,48,41,84.64,HIGH,1920,2256,1968,2304,48,48,   0,1.00,1.00,0.0000
2956,48,42,77.34,MEDIUM,1968,2256,2016,2304,48,48,   0,1.00,0.20,0.0371
2957,48,43,68.79,MEDIUM,2016,2256,2064,2304,48,48,   0,1.00,0.20,0.0000
2958,48,44,21.44,MEDIUM,2064,2256,2112,2304,48,48,   0,1.00,0.20,0.0000
2961,48,47,48.26,MEDIUM,2208,2256,2256,2304,48,48,  12,1.00,0.20,0.2245
2962,48,48,75.69,MEDIUM,2256,2256,2304,2304,48,48,  21,1.00,0.20,0.4876
2963,48,49,88.98,HIGH,2304,2256,2352,2304,48,48, 136,1.00,1.00,0.7958
2964,48,50,90.84,HIGH,2352,2256,2400,2304,48,48,   0,1.00,1.00,0.0000
2965,48,51,93.58,HIGH,2400,2256,2448,2304,48,48,  55,1.00,1.00,0.7793
2966,48,52,99.44,HIGH,2448,2256,2496,2304,48,48,  15,0.49,1.00,0.6763
2967,48,53,99.52,HIGH,2496,2256,2544,2304,48,48,  11,0.49,1.00,0.6500
2968,48,54,99.87,HIGH,2544,2256,2592,2304,48,48,  10,0.49,1.00,0.6397
2969,48,55,99.78,HIGH,2592,2256,2640,2304,48,48,  12,0.49,1.00,0.6556
2970,48,56,99.78,HIGH,2640,2256,2688,2304,48,48,   9,0.49,1.00,0.6318
2971,48,57,99.96,HIGH,2688,2256,2736,2304,48,48,  10,0.49,1.00,0.6360
2972,48,58,99.83,HIGH,2736,2256,2784,2304,48,48,  12,0.49,1.00,0.6540
2973,48,59,63.93,MEDIUM,2784,2256,2832,2304,48,48,   3,1.00,0.20,0.1588
2987,49,11,59.11,MEDIUM,480,2304,528,2352,48,48,   0,1.00,0.20,0.0000
2988,49,12,87.07,HIGH,528,2304,576,2352,48,48,   0,1.00,1.00,0.0000
2989,49,13,61.37,MEDIUM,576,2304,624,2352,48,48,   3,1.00,0.20,0.1467
2990,49,14,33.81,MEDIUM,624,2304,672,2352,48,48,   9,1.00,0.20,0.1068
2991,49,15,64.93,MEDIUM,672,2304,720,2352,48,48,   0,1.00,0.20,0.0000
2992,49,16,49.09,MEDIUM,720,2304,768,2352,48,48,   0,1.00,0.20,0.0000
2993,49,17,22.83,MEDIUM,768,2304,816,2352,48,48,   0,1.00,0.20,0.0000
2994,49,18,30.73,MEDIUM,816,2304,864,2352,48,48,   0,1.00,0.20,0.0048
2995,49,19,72.31,MEDIUM,864,2304,912,2352,48,48, 116,1.00,0.20,0.6247
2996,49,20,99.13,HIGH,912,2304,960,2352,48,48,  52,1.00,1.00,0.7964
2997,49,21,77.04,MEDIUM,960,2304,1008,2352,48,48,  34,1.00,0.20,0.5505
2998,49,22,84.77,HIGH,1008,2304,1056,2352,48,48,   0,1.00,1.00,0.0810
2999,49,23,97.57,HIGH,1056,2304,1104,2352,48,48,  26,1.00,1.00,0.7576
3000,49,24,99.96,HIGH,1104,2304,1152,2352,48,48,  18,0.49,1.00,0.6968
3001,49,25,99.78,HIGH,1152,2304,1200,2352,48,48,  38,1.00,1.00,0.7849
3002,49,26,99.96,HIGH,1200,2304,1248,2352,48,48,  40,0.49,1.00,0.7518
3003,49,27,99.74,HIGH,1248,2304,1296,2352,48,48,  29,0.49,1.00,0.7298
3004,49,28,99.78,HIGH,1296,2304,1344,2352,48,48,  17,0.49,1.00,0.6919
3005,49,29,99.65,HIGH,1344,2304,1392,2352,48,48,  33,1.00,1.00,0.7778
3006,49,30,92.71,HIGH,1392,2304,1440,2352,48,48,  16,1.00,1.00,0.7108
3014,49,38,49.31,MEDIUM,1776,2304,1824,2352,48,48,   0,1.00,0.20,0.0000
3015,49,39,80.47,HIGH,1824,2304,1872,2352,48,48,   0,1.00,1.00,0.0000
3016,49,40,66.06,MEDIUM,1872,2304,1920,2352,48,48,  28,1.00,0.20,0.4533
3017,49,41,84.72,HIGH,1920,2304,1968,2352,48,48,   0,1.00,1.00,0.0000
3018,49,42,89.11,HIGH,1968,2304,2016,2352,48,48,   0,1.00,1.00,0.0000
3019,49,43,89.76,HIGH,2016,2304,2064,2352,48,48,   0,1.00,1.00,0.0000
3020,49,44,80.08,HIGH,2064,2304,2112,2352,48,48,   0,1.00,1.00,0.0000
3021,49,45,66.41,MEDIUM,2112,2304,2160,2352,48,48,   0,1.00,0.20,0.0000
3022,49,46,71.35,MEDIUM,2160,2304,2208,2352,48,48,   0,1.00,0.20,0.0000
3023,49,47,68.49,MEDIUM,2208,2304,2256,2352,48,48,   3,1.00,0.20,0.1656
3024,49,48,79.25,MEDIUM,2256,2304,2304,2352,48,48,  10,1.00,0.20,0.4121
3025,49,49,86.68,HIGH,2304,2304,2352,2352,48,48,  79,1.00,1.00,0.7669
3026,49,50,88.41,HIGH,2352,2304,2400,2352,48,48,   0,1.00,1.00,0.0000
3027,49,51,96.66,HIGH,2400,2304,2448,2352,48,48,   8,1.00,1.00,0.6764
3028,49,52,99.39,HIGH,2448,2304,2496,2352,48,48,  13,0.49,1.00,0.6620
3029,49,53,99.83,HIGH,2496,2304,2544,2352,48,48,   6,0.49,1.00,0.5762
3030,49,54,99.70,HIGH,2544,2304,2592,2352,48,48,  12,0.49,1.00,0.6568
3031,49,55,99.91,HIGH,2592,2304,2640,2352,48,48,  11,0.49,1.00,0.6497
3032,49,56,100.00,HIGH,2640,2304,2688,2352,48,48,  20,0.49,1.00,0.7045
3033,49,57,99.96,HIGH,2688,2304,2736,2352,48,48,   7,0.49,1.00,0.6019
3034,49,58,99.91,HIGH,2736,2304,2784,2352,48,48,  16,0.49,1.00,0.6872
3035,49,59,59.64,MEDIUM,2784,2304,2832,2352,48,48,   6,1.00,0.20,0.2227
3048,50,10,15.02,MEDIUM,432,2352,480,2400,48,48,   0,1.00,0.20,0.0000
3049,50,11,66.23,MEDIUM,480,2352,528,2400,48,48,   0,1.00,0.20,0.0000
3050,50,12,76.82,MEDIUM,528,2352,576,2400,48,48,   0,1.00,0.20,0.0000
3051,50,13,34.20,MEDIUM,576,2352,624,2400,48,48,   3,1.00,0.20,0.0567
3052,50,14,47.40,MEDIUM,624,2352,672,2400,48,48,   0,1.00,0.20,0.0000
3053,50,15,76.04,MEDIUM,672,2352,720,2400,48,48,   0,1.00,0.20,0.0000
3054,50,16,75.13,MEDIUM,720,2352,768,2400,48,48,   0,1.00,0.20,0.0000
3055,50,17,79.77,MEDIUM,768,2352,816,2400,48,48,   0,1.00,0.20,0.0000
3056,50,18,87.76,HIGH,816,2352,864,2400,48,48,   2,1.00,1.00,0.4502
3057,50,19,90.62,HIGH,864,2352,912,2400,48,48,  50,1.00,1.00,0.7637
3058,50,20,94.75,HIGH,912,2352,960,2400,48,48,  50,1.00,1.00,0.7795
3059,50,21,92.66,HIGH,960,2352,1008,2400,48,48,  74,1.00,1.00,0.7877
3060,50,22,93.71,HIGH,1008,2352,1056,2400,48,48,   4,1.00,1.00,0.5722
3061,50,23,96.70,HIGH,1056,2352,1104,2400,48,48,   3,1.00,1.00,0.5632
3062,50,24,99.22,HIGH,1104,2352,1152,2400,48,48,  13,1.00,1.00,0.7223
3063,50,25,98.83,HIGH,1152,2352,1200,2400,48,48, 121,1.00,1.00,0.8244
3064,50,26,99.96,HIGH,1200,2352,1248,2400,48,48, 140,1.00,1.00,0.8319
3065,50,27,99.87,HIGH,1248,2352,1296,2400,48,48,  10,1.00,1.00,0.7015
3066,50,28,99.44,HIGH,1296,2352,1344,2400,48,48,  21,1.00,1.00,0.7548
3067,50,29,99.78,HIGH,1344,2352,1392,2400,48,48,  29,0.49,1.00,0.7309
3068,50,30,66.19,MEDIUM,1392,2352,1440,2400,48,48,   8,1.00,0.20,0.2992
3076,50,38,24.61,MEDIUM,1776,2352,1824,2400,48,48,   0,1.00,0.20,0.0000
3077,50,39,48.39,MEDIUM,1824,2352,1872,2400,48,48,   0,1.00,0.20,0.0000
3078,50,40,59.46,MEDIUM,1872,2352,1920,2400,48,48,   0,1.00,0.20,0.0000
3079,50,41,63.24,MEDIUM,1920,2352,1968,2400,48,48,   0,1.00,0.20,0.0000
3080,50,42,59.20,MEDIUM,1968,2352,2016,2400,48,48,   0,1.00,0.20,0.0000
3081,50,43,83.42,HIGH,2016,2352,2064,2400,48,48,   0,1.00,1.00,0.0000
3082,50,44,86.89,HIGH,2064,2352,2112,2400,48,48,   0,1.00,1.00,0.0000
3083,50,45,64.71,MEDIUM,2112,2352,2160,2400,48,48,   2,1.00,0.20,0.1293
3084,50,46,85.11,HIGH,2160,2352,2208,2400,48,48,   0,1.00,1.00,0.0000
3085,50,47,75.00,MEDIUM,2208,2352,2256,2400,48,48,   0,1.00,0.20,0.0000
3086,50,48,77.43,MEDIUM,2256,2352,2304,2400,48,48,   0,1.00,0.20,0.0000
3087,50,49,85.59,HIGH,2304,2352,2352,2400,48,48,   0,1.00,1.00,0.0000
3088,50,50,91.41,HIGH,2352,2352,2400,2400,48,48, 117,1.00,1.00,0.7995
3089,50,51,97.57,HIGH,2400,2352,2448,2400,48,48,   9,0.49,1.00,0.6126
3090,50,52,99.96,HIGH,2448,2352,2496,2400,48,48,  26,0.49,1.00,0.7241
3091,50,53,99.83,HIGH,2496,2352,2544,2400,48,48,  10,0.49,1.00,0.6386
3092,50,54,99.83,HIGH,2544,2352,2592,2400,48,48,  16,0.49,1.00,0.6870
3093,50,55,99.91,HIGH,2592,2352,2640,2400,48,48,  30,0.49,1.00,0.7343
3094,50,56,99.96,HIGH,2640,2352,2688,2400,48,48,  32,0.49,1.00,0.7382
3095,50,57,100.00,HIGH,2688,2352,2736,2400,48,48,  10,0.49,1.00,0.6363
3096,50,58,99.96,HIGH,2736,2352,2784,2400,48,48,  14,0.49,1.00,0.6755
3097,50,59,45.05,MEDIUM,2784,2352,2832,2400,48,48,   4,1.00,0.20,0.0986
3110,51,10,57.25,MEDIUM,432,2400,480,2448,48,48,   0,1.00,0.20,0.0000
3111,51,11,83.16,HIGH,480,2400,528,2448,48,48,   0,1.00,1.00,0.0105
3112,51,12,71.70,MEDIUM,528,2400,576,2448,48,48,   0,1.00,0.20,0.0000
3113,51,13,25.61,MEDIUM,576,2400,624,2448,48,48,   0,1.00,0.20,0.0000
3114,51,14,82.16,HIGH,624,2400,672,2448,48,48,   0,1.00,1.00,0.0000
3115,51,15,91.36,HIGH,672,2400,720,2448,48,48,   0,1.00,1.00,0.0000
3116,51,16,80.08,HIGH,720,2400,768,2448,48,48,   0,1.00,1.00,0.0000
3117,51,17,82.86,HIGH,768,2400,816,2448,48,48,   0,1.00,1.00,0.0000
3118,51,18,90.15,HIGH,816,2400,864,2448,48,48,   0,1.00,1.00,0.0000
3119,51,19,91.06,HIGH,864,2400,912,2448,48,48,   0,1.00,1.00,0.0000
3120,51,20,95.83,HIGH,912,2400,960,2448,48,48,   0,0.49,1.00,0.0000
3121,51,21,93.23,HIGH,960,2400,1008,2448,48,48,   0,1.00,1.00,0.0000
3122,51,22,90.67,HIGH,1008,2400,1056,2448,48,48,   0,1.00,1.00,0.0000
3123,51,23,96.53,HIGH,1056,2400,1104,2448,48,48,   6,1.00,1.00,0.6412
3124,51,24,97.66,HIGH,1104,2400,1152,2448,48,48,  25,1.00,1.00,0.7554
3125,51,25,97.79,HIGH,1152,2400,1200,2448,48,48,  55,1.00,1.00,0.7939
3126,51,26,99.57,HIGH,1200,2400,1248,2448,48,48,  45,1.00,1.00,0.7914
3127,51,27,99.48,HIGH,1248,2400,1296,2448,48,48,  14,1.00,1.00,0.7264
3128,51,28,99.61,HIGH,1296,2400,1344,2448,48,48,   8,1.00,1.00,0.6894
3129,51,29,99.57,HIGH,1344,2400,1392,2448,48,48,  12,0.49,1.00,0.6595
3139,51,39,35.68,MEDIUM,1824,2400,1872,2448,48,48,   0,1.00,0.20,0.0000
3140,51,40,63.24,MEDIUM,1872,2400,1920,2448,48,48,   0,1.00,0.20,0.0000
3141,51,41,57.90,MEDIUM,1920,2400,1968,2448,48,48,   0,1.00,0.20,0.0000
3142,51,42,16.02,MEDIUM,1968,2400,2016,2448,48,48,   0,1.00,0.20,0.0000
3143,51,43,15.41,MEDIUM,2016,2400,2064,2448,48,48,   0,1.00,0.20,0.0000
3144,51,44,51.30,MEDIUM,2064,2400,2112,2448,48,48,   0,1.00,0.20,0.0231
3145,51,45,87.28,HIGH,2112,2400,2160,2448,48,48,   0,1.00,1.00,0.0000
3146,51,46,73.83,MEDIUM,2160,2400,2208,2448,48,48,   0,1.00,0.20,0.0000
3147,51,47,57.29,MEDIUM,2208,2400,2256,2448,48,48,  20,1.00,0.20,0.3449
3148,51,48,54.86,MEDIUM,2256,2400,2304,2448,48,48,  10,1.00,0.20,0.2490
3149,51,49,72.53,MEDIUM,2304,2400,2352,2448,48,48,  46,1.00,0.20,0.5507
3150,51,50,97.14,HIGH,2352,2400,2400,2448,48,48,  73,1.00,1.00,0.8022
3151,51,51,93.79,HIGH,2400,2400,2448,2448,48,48,  64,1.00,1.00,0.7862
3152,51,52,99.48,HIGH,2448,2400,2496,2448,48,48,  21,0.49,1.00,0.7056
3153,51,53,99.70,HIGH,2496,2400,2544,2448,48,48,   9,0.49,1.00,0.6279
3154,51,54,99.70,HIGH,2544,2400,2592,2448,48,48,  50,0.49,1.00,0.7625
3155,51,55,99.91,HIGH,2592,2400,2640,2448,48,48,  28,0.49,1.00,0.7289
3156,51,56,100.00,HIGH,2640,2400,2688,2448,48,48,  14,0.49,1.00,0.6755
3157,51,57,99.83,HIGH,2688,2400,2736,2448,48,48,  15,0.49,1.00,0.6815
3158,51,58,99.96,HIGH,2736,2400,2784,2448,48,48,  14,0.49,1.00,0.6754
3159,51,59,18.01,MEDIUM,2784,2400,2832,2448,48,48,   1,1.00,0.20,0.0065
3171,52,9,31.51,MEDIUM,384,2448,432,2496,48,48,   1,1.00,0.20,0.0101
3172,52,10,82.47,HIGH,432,2448,480,2496,48,48,   0,1.00,1.00,0.0000
3173,52,11,59.33,MEDIUM,480,2448,528,2496,48,48,   0,1.00,0.20,0.0307
3174,52,12,87.46,HIGH,528,2448,576,2496,48,48,   0,1.00,1.00,0.0000
3175,52,13,59.07,MEDIUM,576,2448,624,2496,48,48,   0,1.00,0.20,0.0274
3176,52,14,89.67,HIGH,624,2448,672,2496,48,48,   0,1.00,1.00,0.0000
3177,52,15,84.64,HIGH,672,2448,720,2496,48,48,   0,1.00,1.00,0.0000
3178,52,16,87.85,HIGH,720,2448,768,2496,48,48,   0,1.00,1.00,0.0000
3179,52,17,77.47,MEDIUM,768,2448,816,2496,48,48,   0,1.00,0.20,0.0030
3180,52,18,77.95,MEDIUM,816,2448,864,2496,48,48,   2,1.00,0.20,0.1771
3181,52,19,78.17,MEDIUM,864,2448,912,2496,48,48,   3,1.00,0.20,0.2064
3182,52,20,94.75,HIGH,912,2448,960,2496,48,48,   0,1.00,1.00,0.0000
3183,52,21,90.02,HIGH,960,2448,1008,2496,48,48,  31,1.00,1.00,0.7366
3184,52,22,92.93,HIGH,1008,2448,1056,2496,48,48,   0,1.00,1.00,0.0000
3185,52,23,96.74,HIGH,1056,2448,1104,2496,48,48,   0,0.49,1.00,0.0000
3186,52,24,97.48,HIGH,1104,2448,1152,2496,48,48,   3,1.00,1.00,0.5528
3187,52,25,96.66,HIGH,1152,2448,1200,2496,48,48,  16,1.00,1.00,0.7253
3188,52,26,99.57,HIGH,1200,2448,1248,2496,48,48,  25,1.00,1.00,0.7631
3189,52,27,99.78,HIGH,1248,2448,1296,2496,48,48,  11,1.00,1.00,0.7136
3190,52,28,99.78,HIGH,1296,2448,1344,2496,48,48,  11,1.00,1.00,0.7127
3191,52,29,61.41,MEDIUM,1344,2448,1392,2496,48,48,   6,1.00,0.20,0.2202
3205,52,43,41.97,MEDIUM,2016,2448,2064,2496,48,48,   0,1.00,0.20,0.0000
3206,52,44,49.13,MEDIUM,2064,2448,2112,2496,48,48,   0,1.00,0.20,0.0000
3207,52,45,82.29,HIGH,2112,2448,2160,2496,48,48,   0,1.00,1.00,0.0000
3208,52,46,75.61,MEDIUM,2160,2448,2208,2496,48,48,   1,1.00,0.20,0.0827
3209,52,47,64.24,MEDIUM,2208,2448,2256,2496,48,48,   1,1.00,0.20,0.0915
3210,52,48,62.93,MEDIUM,2256,2448,2304,2496,48,48,  16,1.00,0.20,0.3658
3211,52,49,85.98,HIGH,2304,2448,2352,2496,48,48,   0,1.00,1.00,0.0000
3212,52,50,92.36,HIGH,2352,2448,2400,2496,48,48,   3,1.00,1.00,0.5424
3213,52,51,92.40,HIGH,2400,2448,2448,2496,48,48,  45,1.00,1.00,0.7656
3214,52,52,96.48,HIGH,2448,2448,2496,2496,48,48,  36,1.00,1.00,0.7705
3215,52,53,99.22,HIGH,2496,2448,2544,2496,48,48,  23,1.00,1.00,0.7577
3216,52,54,100.00,HIGH,2544,2448,2592,2496,48,48,  16,0.49,1.00,0.6867
3217,52,55,99.87,HIGH,2592,2448,2640,2496,48,48,  29,0.49,1.00,0.7305
3218,52,56,99.91,HIGH,2640,2448,2688,2496,48,48,  17,0.49,1.00,0.6926
3219,52,57,100.00,HIGH,2688,2448,2736,2496,48,48,  25,0.49,1.00,0.7204
3220,52,58,72.40,MEDIUM,2736,2448,2784,2496,48,48,  14,1.00,0.20,0.4091
3233,53,9,25.82,MEDIUM,384,2496,432,2544,48,48,   0,1.00,0.20,0.0000
3234,53,10,81.60,HIGH,432,2496,480,2544,48,48,   0,1.00,1.00,0.0000
3235,53,11,83.77,HIGH,480,2496,528,2544,48,48,   0,1.00,1.00,0.0000
3236,53,12,89.84,HIGH,528,2496,576,2544,48,48,   0,1.00,1.00,0.0000
3237,53,13,76.56,MEDIUM,576,2496,624,2544,48,48,   0,1.00,0.20,0.0000
3238,53,14,83.81,HIGH,624,2496,672,2544,48,48,   0,1.00,1.00,0.0000
3239,53,15,83.12,HIGH,672,2496,720,2544,48,48,   0,1.00,1.00,0.0000
3240,53,16,88.63,HIGH,720,2496,768,2544,48,48,   0,1.00,1.00,0.0000
3241,53,17,78.56,MEDIUM,768,2496,816,2544,48,48,   0,1.00,0.20,0.0000
3242,53,18,95.70,HIGH,816,2496,864,2544,48,48,   0,0.49,1.00,0.0000
3243,53,19,90.06,HIGH,864,2496,912,2544,48,48,   0,1.00,1.00,0.0000
3244,53,20,86.59,HIGH,912,2496,960,2544,48,48,   0,1.00,1.00,0.0000
3245,53,21,88.11,HIGH,960,2496,1008,2544,48,48,   0,1.00,1.00,0.0000
3246,53,22,93.36,HIGH,1008,2496,1056,2544,48,48,  32,1.00,1.00,0.7523
3247,53,23,96.27,HIGH,1056,2496,1104,2544,48,48,  25,1.00,1.00,0.7522
3248,53,24,97.14,HIGH,1104,2496,1152,2544,48,48,  10,0.49,1.00,0.6284
3249,53,25,98.39,HIGH,1152,2496,1200,2544,48,48,  25,0.49,1.00,0.7149
3250,53,26,99.57,HIGH,1200,2496,1248,2544,48,48,  13,1.00,1.00,0.7246
3251,53,27,99.87,HIGH,1248,2496,1296,2544,48,48,  19,1.00,1.00,0.7505
3252,53,28,70.88,MEDIUM,1296,2496,1344,2544,48,48,  11,1.00,0.20,0.3668
3264,53,40,42.19,MEDIUM,1872,2496,1920,2544,48,48,   0,1.00,0.20,0.0000
3265,53,41,32.81,MEDIUM,1920,2496,1968,2544,48,48,   0,1.00,0.20,0.0000
3266,53,42,59.51,MEDIUM,1968,2496,2016,2544,48,48,   0,1.00,0.20,0.0000
3267,53,43,63.45,MEDIUM,2016,2496,2064,2544,48,48,   0,1.00,0.20,0.0000
3268,53,44,73.78,MEDIUM,2064,2496,2112,2544,48,48,   0,1.00,0.20,0.0000
3269,53,45,74.52,MEDIUM,2112,2496,2160,2544,48,48,   0,1.00,0.20,0.0000
3270,53,46,65.62,MEDIUM,2160,2496,2208,2544,48,48,   1,1.00,0.20,0.0507
3271,53,47,71.14,MEDIUM,2208,2496,2256,2544,48,48,   0,1.00,0.20,0.0000
3272,53,48,76.95,MEDIUM,2256,2496,2304,2544,48,48,   0,1.00,0.20,0.0000
3273,53,49,78.60,MEDIUM,2304,2496,2352,2544,48,48,   3,1.00,0.20,0.2432
3274,53,50,88.72,HIGH,2352,2496,2400,2544,48,48,  35,1.00,1.00,0.7387
3275,53,51,92.75,HIGH,2400,2496,2448,2544,48,48,   0,1.00,1.00,0.0000
3276,53,52,94.66,HIGH,2448,2496,2496,2544,48,48,  17,1.00,1.00,0.7205
3277,53,53,97.70,HIGH,2496,2496,2544,2544,48,48,  41,1.00,1.00,0.7808
3278,53,54,99.96,HIGH,2544,2496,2592,2544,48,48,  19,0.49,1.00,0.7010
3279,53,55,97.66,HIGH,2592,2496,2640,2544,48,48,   9,1.00,1.00,0.6869
3280,53,56,100.00,HIGH,2640,2496,2688,2544,48,48,   8,0.49,1.00,0.6132
3281,53,57,75.65,MEDIUM,2688,2496,2736,2544,48,48,   7,1.00,0.20,0.3278
3295,54,9,58.33,MEDIUM,384,2544,432,2592,48,48,   0,1.00,0.20,0.0000
3296,54,10,49.61,MEDIUM,432,2544,480,2592,48,48,   0,1.00,0.20,0.0000
3297,54,11,52.34,MEDIUM,480,2544,528,2592,48,48,   7,1.00,0.20,0.1875
3298,54,12,37.46,MEDIUM,528,2544,576,2592,48,48,   0,1.00,0.20,0.0000
3300,54,14,52.08,MEDIUM,624,2544,672,2592,48,48,   0,1.00,0.20,0.0000
3301,54,15,81.90,HIGH,672,2544,720,2592,48,48,   0,1.00,1.00,0.0000
3302,54,16,85.03,HIGH,720,2544,768,2592,48,48,   0,1.00,1.00,0.0000
3303,54,17,68.97,MEDIUM,768,2544,816,2592,48,48,  32,1.00,0.20,0.4873
3304,54,18,87.24,HIGH,816,2544,864,2592,48,48,   0,1.00,1.00,0.0000
3305,54,19,85.24,HIGH,864,2544,912,2592,48,48,   0,1.00,1.00,0.0000
3306,54,20,87.41,HIGH,912,2544,960,2592,48,48,  14,1.00,1.00,0.6729
3307,54,21,80.56,HIGH,960,2544,1008,2592,48,48,   9,1.00,1.00,0.5960
3308,54,22,82.77,HIGH,1008,2544,1056,2592,48,48,   6,1.00,1.00,0.5741
3309,54,23,87.46,HIGH,1056,2544,1104,2592,48,48,   7,1.00,1.00,0.6188
3310,54,24,91.54,HIGH,1104,2544,1152,2592,48,48,   9,1.00,1.00,0.6552
3311,54,25,98.83,HIGH,1152,2544,1200,2592,48,48,  12,0.49,1.00,0.6560
3312,54,26,91.15,HIGH,1200,2544,1248,2592,48,48,  21,1.00,1.00,0.7183
3326,54,40,44.23,MEDIUM,1872,2544,1920,2592,48,48,   0,1.00,0.20,0.0000
3327,54,41,50.48,MEDIUM,1920,2544,1968,2592,48,48,   0,1.00,0.20,0.0000
3328,54,42,74.26,MEDIUM,1968,2544,2016,2592,48,48,   0,1.00,0.20,0.0000
3329,54,43,80.38,HIGH,2016,2544,2064,2592,48,48,   0,1.00,1.00,0.0000
3330,54,44,75.56,MEDIUM,2064,2544,2112,2592,48,48,   0,1.00,0.20,0.0000
3331,54,45,79.38,MEDIUM,2112,2544,2160,2592,48,48,   0,1.00,0.20,0.0000
3332,54,46,76.39,MEDIUM,2160,2544,2208,2592,48,48,   0,1.00,0.20,0.0000
3333,54,47,64.24,MEDIUM,2208,2544,2256,2592,48,48,   0,1.00,0.20,0.0000
3334,54,48,73.26,MEDIUM,2256,2544,2304,2592,48,48,   0,1.00,0.20,0.0000
3335,54,49,82.60,HIGH,2304,2544,2352,2592,48,48,   1,1.00,1.00,0.2668
3336,54,50,87.59,HIGH,2352,2544,2400,2592,48,48,   0,1.00,1.00,0.0000
3337,54,51,94.84,HIGH,2400,2544,2448,2592,48,48,   0,1.00,1.00,0.0000
3338,54,52,94.23,HIGH,2448,2544,2496,2592,48,48,   4,1.00,1.00,0.5776
3339,54,53,98.22,HIGH,2496,2544,2544,2592,48,48,  48,1.00,1.00,0.7899
3340,54,54,99.87,HIGH,2544,2544,2592,2592,48,48,  30,0.49,1.00,0.7332
3341,54,55,99.83,HIGH,2592,2544,2640,2592,48,48,  35,0.49,1.00,0.7420
3342,54,56,73.48,MEDIUM,2640,2544,2688,2592,48,48,   4,1.00,0.20,0.2551
3357,55,9,20.57,MEDIUM,384,2592,432,2640,48,48,   0,1.00,0.20,0.0000
3361,55,13,18.66,MEDIUM,576,2592,624,2640,48,48,   0,1.00,0.20,0.0000
3362,55,14,19.23,MEDIUM,624,2592,672,2640,48,48,   0,1.00,0.20,0.0000
3363,55,15,60.29,MEDIUM,672,2592,720,2640,48,48,   4,1.00,0.20,0.1622
3364,55,16,62.67,MEDIUM,720,2592,768,2640,48,48,   0,1.00,0.20,0.0000
3365,55,17,52.08,MEDIUM,768,2592,816,2640,48,48,  45,1.00,0.20,0.3843
3366,55,18,56.94,MEDIUM,816,2592,864,2640,48,48,  69,1.00,0.20,0.4668
3367,55,19,75.52,MEDIUM,864,2592,912,2640,48,48,   4,1.00,0.20,0.2620
3368,55,20,81.55,HIGH,912,2592,960,2640,48,48,   7,1.00,1.00,0.5744
3369,55,21,90.58,HIGH,960,2592,1008,2640,48,48,   4,1.00,1.00,0.5711
3370,55,22,93.88,HIGH,1008,2592,1056,2640,48,48,   0,1.00,1.00,0.0000
3371,55,23,92.93,HIGH,1056,2592,1104,2640,48,48,  11,1.00,1.00,0.6839
3372,55,24,90.80,HIGH,1104,2592,1152,2640,48,48,   5,1.00,1.00,0.6051
3373,55,25,97.83,HIGH,1152,2592,1200,2640,48,48,  13,1.00,1.00,0.7145
3374,55,26,98.61,HIGH,1200,2592,1248,2640,48,48,  10,1.00,1.00,0.6976
3375,55,27,42.53,MEDIUM,1248,2592,1296,2640,48,48,  14,1.00,0.20,0.1935
3388,55,40,26.61,MEDIUM,1872,2592,1920,2640,48,48,   0,1.00,0.20,0.0000
3389,55,41,54.08,MEDIUM,1920,2592,1968,2640,48,48,   0,1.00,0.20,0.0000
3390,55,42,69.84,MEDIUM,1968,2592,2016,2640,48,48,   0,1.00,0.20,0.0000
3391,55,43,75.48,MEDIUM,2016,2592,2064,2640,48,48,   0,1.00,0.20,0.0000
3392,55,44,68.92,MEDIUM,2064,2592,2112,2640,48,48,   0,1.00,0.20,0.0000
3393,55,45,80.77,HIGH,2112,2592,2160,2640,48,48,   0,1.00,1.00,0.0000
3394,55,46,66.10,MEDIUM,2160,2592,2208,2640,48,48,   0,1.00,0.20,0.0000
3395,55,47,76.69,MEDIUM,2208,2592,2256,2640,48,48,   0,1.00,0.20,0.0000
3396,55,48,78.86,MEDIUM,2256,2592,2304,2640,48,48,   0,1.00,0.20,0.0000
3397,55,49,84.24,HIGH,2304,2592,2352,2640,48,48,   0,1.00,1.00,0.0000
3398,55,50,88.11,HIGH,2352,2592,2400,2640,48,48,   0,1.00,1.00,0.0000
3399,55,51,93.06,HIGH,2400,2592,2448,2640,48,48,   0,1.00,1.00,0.0000
3400,55,52,93.97,HIGH,2448,2592,2496,2640,48,48,  16,1.00,1.00,0.7136
3401,55,53,99.22,HIGH,2496,2592,2544,2640,48,48,  18,0.49,1.00,0.6945
3402,55,54,78.21,MEDIUM,2544,2592,2592,2640,48,48,  10,1.00,0.20,0.4014
3403,55,55,33.16,MEDIUM,2592,2592,2640,2640,48,48,   3,1.00,0.20,0.0472
3422,56,12,59.42,MEDIUM,528,2640,576,2688,48,48,   0,1.00,0.20,0.0000
3423,56,13,84.64,HIGH,576,2640,624,2688,48,48,   0,1.00,1.00,0.0000
3424,56,14,84.38,HIGH,624,2640,672,2688,48,48,   0,1.00,1.00,0.0000
3425,56,15,89.15,HIGH,672,2640,720,2688,48,48,   0,1.00,1.00,0.0000
3426,56,16,85.07,HIGH,720,2640,768,2688,48,48,   0,1.00,1.00,0.0000
3427,56,17,68.06,MEDIUM,768,2640,816,2688,48,48,  14,1.00,0.20,0.3782
3428,56,18,87.20,HIGH,816,2640,864,2688,48,48,  13,1.00,1.00,0.6700
3429,56,19,83.81,HIGH,864,2640,912,2688,48,48,   0,1.00,1.00,0.0000
3430,56,20,91.58,HIGH,912,2640,960,2688,48,48,  23,1.00,1.00,0.7283
3431,56,21,90.23,HIGH,960,2640,1008,2688,48,48,   0,1.00,1.00,0.0000
3432,56,22,94.36,HIGH,1008,2640,1056,2688,48,48,   0,1.00,1.00,0.0000
3433,56,23,92.88,HIGH,1056,2640,1104,2688,48,48,   0,1.00,1.00,0.0000
3434,56,24,93.32,HIGH,1104,2640,1152,2688,48,48,  12,1.00,1.00,0.6881
3435,56,25,95.53,HIGH,1152,2640,1200,2688,48,48,  10,1.00,1.00,0.6833
3436,56,26,96.40,HIGH,1200,2640,1248,2688,48,48,  18,1.00,1.00,0.7340
3437,56,27,87.59,HIGH,1248,2640,1296,2688,48,48,   9,1.00,1.00,0.6418
3451,56,41,48.39,MEDIUM,1920,2640,1968,2688,48,48,   0,1.00,0.20,0.0060
3452,56,42,66.54,MEDIUM,1968,2640,2016,2688,48,48,   0,1.00,0.20,0.0000
3453,56,43,57.16,MEDIUM,2016,2640,2064,2688,48,48,   0,1.00,0.20,0.0030
3454,56,44,77.47,MEDIUM,2064,2640,2112,2688,48,48,  11,1.00,0.20,0.4090
3455,56,45,84.20,HIGH,2112,2640,2160,2688,48,48,   0,1.00,1.00,0.0000
3456,56,46,75.82,MEDIUM,2160,2640,2208,2688,48,48,   0,1.00,0.20,0.0000
3457,56,47,81.55,HIGH,2208,2640,2256,2688,48,48,   0,1.00,1.00,0.0000
3458,56,48,86.76,HIGH,2256,2640,2304,2688,48,48,   4,1.00,1.00,0.5613
3459,56,49,85.81,HIGH,2304,2640,2352,2688,48,48,  17,1.00,1.00,0.6823
3460,56,50,85.63,HIGH,2352,2640,2400,2688,48,48,   6,1.00,1.00,0.5832
3461,56,51,91.71,HIGH,2400,2640,2448,2688,48,48,   0,1.00,1.00,0.0000
3462,56,52,94.23,HIGH,2448,2640,2496,2688,48,48,   0,1.00,1.00,0.0000
3463,56,53,97.87,HIGH,2496,2640,2544,2688,48,48,   6,0.49,1.00,0.5750
3464,56,54,53.47,MEDIUM,2544,2640,2592,2688,48,48,   3,1.00,0.20,0.1113
3483,57,11,21.05,MEDIUM,480,2688,528,2736,48,48,   0,1.00,0.20,0.0000
3484,57,12,65.93,MEDIUM,528,2688,576,2736,48,48,   0,1.00,0.20,0.0000
3485,57,13,87.50,HIGH,576,2688,624,2736,48,48,   0,1.00,1.00,0.0000
3486,57,14,84.55,HIGH,624,2688,672,2736,48,48,   0,1.00,1.00,0.0000
3487,57,15,87.80,HIGH,672,2688,720,2736,48,48,   0,1.00,1.00,0.0000
3488,57,16,90.10,HIGH,720,2688,768,2736,48,48,   0,1.00,1.00,0.0000
3489,57,17,82.55,HIGH,768,2688,816,2736,48,48,   0,1.00,1.00,0.0000
3490,57,18,88.37,HIGH,816,2688,864,2736,48,48,   5,1.00,1.00,0.5740
3491,57,19,88.24,HIGH,864,2688,912,2736,48,48,   0,1.00,1.00,0.0000
3492,57,20,91.80,HIGH,912,2688,960,2736,48,48, 103,1.00,1.00,0.7966
3493,57,21,89.02,HIGH,960,2688,1008,2736,48,48,   0,1.00,1.00,0.0000
3494,57,22,94.27,HIGH,1008,2688,1056,2736,48,48,  20,1.00,1.00,0.7308
3495,57,23,93.71,HIGH,1056,2688,1104,2736,48,48,   0,1.00,1.00,0.0000
3496,57,24,90.54,HIGH,1104,2688,1152,2736,48,48,   2,1.00,1.00,0.5050
3497,57,25,88.85,HIGH,1152,2688,1200,2736,48,48,   4,1.00,1.00,0.5487
3498,57,26,95.79,HIGH,1200,2688,1248,2736,48,48,  11,1.00,1.00,0.6953
3499,57,27,99.35,HIGH,1248,2688,1296,2736,48,48,  12,1.00,1.00,0.7188
3514,57,42,51.17,MEDIUM,1968,2688,2016,2736,48,48,   3,1.00,0.20,0.1119
3515,57,43,69.97,MEDIUM,2016,2688,2064,2736,48,48,   0,1.00,0.20,0.0041
3516,57,44,73.44,MEDIUM,2064,2688,2112,2736,48,48,   0,1.00,0.20,0.0000
3517,57,45,72.83,MEDIUM,2112,2688,2160,2736,48,48,   0,1.00,0.20,0.0000
3518,57,46,78.91,MEDIUM,2160,2688,2208,2736,48,48,   0,1.00,0.20,0.0000
3519,57,47,72.18,MEDIUM,2208,2688,2256,2736,48,48,   0,1.00,0.20,0.0000
3520,57,48,83.90,HIGH,2256,2688,2304,2736,48,48,  44,1.00,1.00,0.7286
3521,57,49,83.94,HIGH,2304,2688,2352,2736,48,48,  42,1.00,1.00,0.7262
3522,57,50,84.68,HIGH,2352,2688,2400,2736,48,48,   1,1.00,1.00,0.3956
3523,57,51,91.58,HIGH,2400,2688,2448,2736,48,48,   3,1.00,1.00,0.5573
3524,57,52,93.84,HIGH,2448,2688,2496,2736,48,48,   0,1.00,1.00,0.0000
3525,57,53,97.74,HIGH,2496,2688,2544,2736,48,48,  25,1.00,1.00,0.7564
3526,57,54,30.99,MEDIUM,2544,2688,2592,2736,48,48,   0,1.00,0.20,0.0009
3545,58,11,62.11,MEDIUM,480,2736,528,2784,48,48,   0,1.00,0.20,0.0000
3546,58,12,77.56,MEDIUM,528,2736,576,2784,48,48,   0,1.00,0.20,0.0000
3547,58,13,83.25,HIGH,576,2736,624,2784,48,48,   0,1.00,1.00,0.0000
3548,58,14,85.89,HIGH,624,2736,672,2784,48,48,   0,1.00,1.00,0.0000
3549,58,15,82.94,HIGH,672,2736,720,2784,48,48,   0,1.00,1.00,0.0000
3550,58,16,86.76,HIGH,720,2736,768,2784,48,48,   0,1.00,1.00,0.0000
3551,58,17,87.15,HIGH,768,2736,816,2784,48,48,   0,1.00,1.00,0.0000
3552,58,18,87.80,HIGH,816,2736,864,2784,48,48,   0,1.00,1.00,0.0000
3553,58,19,84.72,HIGH,864,2736,912,2784,48,48,  25,1.00,1.00,0.7003
3554,58,20,84.81,HIGH,912,2736,960,2784,48,48,   0,1.00,1.00,0.0000
3555,58,21,94.79,HIGH,960,2736,1008,2784,48,48,   0,1.00,1.00,0.0000
3556,58,22,86.76,HIGH,1008,2736,1056,2784,48,48,  18,1.00,1.00,0.6885
3557,58,23,92.32,HIGH,1056,2736,1104,2784,48,48,  82,1.00,1.00,0.7902
3558,58,24,87.24,HIGH,1104,2736,1152,2784,48,48,  58,1.00,1.00,0.7560
3559,58,25,92.27,HIGH,1152,2736,1200,2784,48,48,   0,1.00,1.00,0.0000
3560,58,26,92.62,HIGH,1200,2736,1248,2784,48,48,   9,1.00,1.00,0.6643
3561,58,27,81.21,HIGH,1248,2736,1296,2784,48,48,   8,1.00,1.00,0.5857
3577,58,43,17.97,MEDIUM,2016,2736,2064,2784,48,48,   6,1.00,0.20,0.0261
3578,58,44,40.93,MEDIUM,2064,2736,2112,2784,48,48,   4,1.00,0.20,0.0841
3579,58,45,35.68,MEDIUM,2112,2736,2160,2784,48,48,   2,1.00,0.20,0.0389
3580,58,46,16.75,MEDIUM,2160,2736,2208,2784,48,48,   3,1.00,0.20,0.0145
3582,58,48,89.89,HIGH,2256,2736,2304,2784,48,48,  63,1.00,1.00,0.7707
3583,58,49,85.33,HIGH,2304,2736,2352,2784,48,48,  23,1.00,1.00,0.6973
3584,58,50,80.03,HIGH,2352,2736,2400,2784,48,48,  27,1.00,1.00,0.6814
3585,58,51,93.14,HIGH,2400,2736,2448,2784,48,48,   0,1.00,1.00,0.0000
3586,58,52,93.75,HIGH,2448,2736,2496,2784,48,48,   0,1.00,1.00,0.0000
3587,58,53,75.43,MEDIUM,2496,2736,2544,2784,48,48,   0,1.00,0.20,0.0000
3607,59,11,59.29,MEDIUM,480,2784,528,2832,48,48,   0,1.00,0.20,0.0000
3608,59,12,74.65,MEDIUM,528,2784,576,2832,48,48,  50,1.00,0.20,0.5717
3609,59,13,83.85,HIGH,576,2784,624,2832,48,48,   0,1.00,1.00,0.0000
3610,59,14,85.72,HIGH,624,2784,672,2832,48,48,   0,1.00,1.00,0.0000
3611,59,15,90.76,HIGH,672,2784,720,2832,48,48,   0,1.00,1.00,0.0000
3612,59,16,84.38,HIGH,720,2784,768,2832,48,48,   0,1.00,1.00,0.0000
3613,59,17,79.51,MEDIUM,768,2784,816,2832,48,48,   0,1.00,0.20,0.0000
3614,59,18,60.33,MEDIUM,816,2784,864,2832,48,48,   0,1.00,0.20,0.0000
3615,59,19,35.42,MEDIUM,864,2784,912,2832,48,48,   0,1.00,0.20,0.0000
3616,59,20,28.08,MEDIUM,912,2784,960,2832,48,48,   0,1.00,0.20,0.0000
3617,59,21,61.89,MEDIUM,960,2784,1008,2832,48,48,  25,1.00,0.20,0.4076
3618,59,22,90.45,HIGH,1008,2784,1056,2832,48,48,  77,1.00,1.00,0.7811
3619,59,23,93.58,HIGH,1056,2784,1104,2832,48,48,  98,1.00,1.00,0.8009
3620,59,24,88.32,HIGH,1104,2784,1152,2832,48,48,  83,1.00,1.00,0.7756
3621,59,25,93.45,HIGH,1152,2784,1200,2832,48,48,  66,1.00,1.00,0.7856
3622,59,26,97.83,HIGH,1200,2784,1248,2832,48,48,  23,1.00,1.00,0.7520
3623,59,27,22.22,MEDIUM,1248,2784,1296,2832,48,48,   8,1.00,0.20,0.0439
3645,59,49,35.98,MEDIUM,2304,2784,2352,2832,48,48,  26,1.00,0.20,0.1903
3646,59,50,37.20,MEDIUM,2352,2784,2400,2832,48,48,  21,1.00,0.20,0.1843
3647,59,51,41.23,MEDIUM,2400,2784,2448,2832,48,48,   0,1.00,0.20,0.0012
3648,59,52,59.33,MEDIUM,2448,2784,2496,2832,48,48,   0,1.00,0.20,0.0000
3669,60,11,25.17,MEDIUM,480,2832,528,2880,48,48,   0,1.00,0.20,0.0000
3670,60,12,70.05,MEDIUM,528,2832,576,2880,48,48,   0,1.00,0.20,0.0000
3671,60,13,80.82,HIGH,576,2832,624,2880,48,48,   0,1.00,1.00,0.0000
3672,60,14,69.36,MEDIUM,624,2832,672,2880,48,48,   0,1.00,0.20,0.0000
3673,60,15,80.21,HIGH,672,2832,720,2880,48,48,   0,1.00,1.00,0.0000
3674,60,16,74.65,MEDIUM,720,2832,768,2880,48,48,   0,1.00,0.20,0.0141
3675,60,17,82.12,HIGH,768,2832,816,2880,48,48,   0,1.00,1.00,0.0000
3676,60,18,71.01,MEDIUM,816,2832,864,2880,48,48,   0,1.00,0.20,0.0000
3677,60,19,65.54,MEDIUM,864,2832,912,2880,48,48,   0,1.00,0.20,0.0000
3678,60,20,51.22,MEDIUM,912,2832,960,2880,48,48,   0,1.00,0.20,0.0000
3679,60,21,81.03,HIGH,960,2832,1008,2880,48,48,   3,1.00,1.00,0.4654
3680,60,22,92.93,HIGH,1008,2832,1056,2880,48,48,  72,1.00,1.00,0.7877
3681,60,23,87.89,HIGH,1056,2832,1104,2880,48,48,  55,1.00,1.00,0.7569
3682,60,24,91.23,HIGH,1104,2832,1152,2880,48,48,  58,1.00,1.00,0.7726
3683,60,25,95.27,HIGH,1152,2832,1200,2880,48,48,  65,1.00,1.00,0.7916
3684,60,26,99.70,HIGH,1200,2832,1248,2880,48,48,   5,0.49,1.00,0.5572
3732,61,12,25.65,MEDIUM,528,2880,576,2928,48,48,   0,1.00,0.20,0.0059
3733,61,13,35.76,MEDIUM,576,2880,624,2928,48,48,   2,1.00,0.20,0.0370
3734,61,14,30.34,MEDIUM,624,2880,672,2928,48,48,   0,1.00,0.20,0.0000
3735,61,15,61.11,MEDIUM,672,2880,720,2928,48,48,   0,1.00,0.20,0.0325
3736,61,16,55.90,MEDIUM,720,2880,768,2928,48,48,   3,1.00,0.20,0.1201
3737,61,17,57.86,MEDIUM,768,2880,816,2928,48,48,   0,1.00,0.20,0.0000
3738,61,18,52.26,MEDIUM,816,2880,864,2928,48,48,   0,1.00,0.20,0.0000
3739,61,19,46.92,MEDIUM,864,2880,912,2928,48,48,  32,1.00,0.20,0.3069
3740,61,20,22.40,MEDIUM,912,2880,960,2928,48,48,   0,1.00,0.20,0.0000
3741,61,21,41.97,MEDIUM,960,2880,1008,2928,48,48,2303,1.00,0.20,0.5194
3742,61,22,78.60,MEDIUM,1008,2880,1056,2928,48,48,   2,1.00,0.20,0.1924
3743,61,23,82.29,HIGH,1056,2880,1104,2928,48,48, 365,1.00,1.00,0.7999
3744,61,24,88.37,HIGH,1104,2880,1152,2928,48,48,   0,1.00,1.00,0.1559
3745,61,25,93.92,HIGH,1152,2880,1200,2928,48,48,   0,1.00,1.00,0.0000
3746,61,26,98.26,HIGH,1200,2880,1248,2928,48,48,   0,0.49,1.00,0.0708
3805,62,23,15.02,MEDIUM,1056,2928,1104,2976,48,48,   1,1.00,0.20,0.0051
3806,62,24,53.82,MEDIUM,1104,2928,1152,2976,48,48,   1,1.00,0.20,0.0639
3807,62,25,85.20,HIGH,1152,2928,1200,2976,48,48,   9,1.00,1.00,0.6284
3808,62,26,69.70,MEDIUM,1200,2928,1248,2976,48,48,   0,1.00,0.20,0.0000
